4
3
72
18733
[0, 0, 646, 632, 0, 0, 0, 0, 658, 640, 659, 0, 638, 0, 0, 0, 662, 0, 0, 646, 631, 649, 647, 637, 630, 664, 0, 0, 650, 659, 0, 0, 0, 0, 0, 0, 659, 0, 0, 0, 632, 0, 0, 0, 662, 0, 0, 0, 644, 657, 0, 0, 0, 0, 0, 0, 656, 0, 636, 0, 0, 0, 652, 0, 0, 0, 644, 0, 656, 641, 0, 634]
[130, 132, 127, 130, 130, 131, 129, 131, 130, 126, 132, 127, 129, 133, 132, 126, 132, 132, 131, 128, 128, 126, 129, 130, 132, 128, 131, 131, 132, 131, 128, 133, 133, 132, 129, 133, 132, 129, 128, 127, 130, 129, 130, 129, 130, 131, 127, 132, 129, 129, 132, 126, 132, 129, 126, 130, 126, 131, 133, 131, 133, 131, 132, 130, 127, 127, 128, 131, 131, 132, 132, 129]
[[0, 0, 1, 0, 0, 1, 0, 0, 0, 0, 0, 0, 0, 0, 0, 0, 1, 0, 0, 0, 0, 0, 0, 0, 0, 0, 0, 0, 0, 0, 0, 0, 0, 0, 0, 0, 0, 0, 0, 0, 0, 0, 0, 0, 0, 0, 0, 0, 0, 0, 0, 0, 0, 0, 0, 0, 0, 0, 0, 0, 0, 0, 0, 0, 0, 0, 0, 0, 0, 0, 0, 0], [0, 0, 0, 0, 0, 0, 0, 0, 0, 1, 1, 0, 0, 0, 0, 0, 0, 0, 0, 0, 0, 0, 0, 0, 0, 0, 0, 0, 1, 0, 0, 0, 0, 0, 0, 0, 0, 0, 0, 0, 0, 0, 0, 0, 0, 0, 0, 0, 0, 0, 0, 0, 0, 0, 0, 0, 0, 0, 0, 0, 0, 0, 0, 0, 0, 0, 0, 0, 0, 0, 0, 0], [1, 0, 0, 1, 0, 0, 0, 0, 0, 1, 0, 0, 0, 0, 0, 0, 0, 0, 0, 0, 0, 0, 0, 0, 0, 0, 0, 0, 0, 0, 0, 0, 0, 0, 0, 0, 0, 0, 0, 0, 0, 0, 0, 0, 0, 0, 0, 0, 0, 0, 0, 0, 0, 0, 0, 0, 0, 0, 0, 0, 0, 0, 0, 0, 0, 0, 0, 0, 0, 0, 0, 0], [0, 0, 1, 0, 1, 0, 0, 0, 0, 1, 0, 1, 0, 0, 0, 0, 0, 0, 0, 0, 0, 0, 0, 0, 0, 0, 0, 0, 0, 0, 0, 0, 0, 0, 0, 0, 0, 0, 0, 0, 0, 0, 0, 0, 0, 0, 0, 0, 0, 0, 0, 0, 0, 0, 0, 0, 0, 0, 0, 0, 0, 0, 0, 0, 0, 0, 0, 0, 0, 0, 0, 0], [0, 0, 0, 1, 0, 0, 0, 0, 0, 0, 0, 0, 1, 0, 0, 0, 0, 0, 0, 0, 0, 0, 0, 0, 0, 0, 0, 0, 0, 0, 0, 0, 0, 0, 0, 0, 0, 0, 0, 0, 0, 0, 0, 0, 0, 0, 0, 0, 0, 0, 0, 0, 0, 0, 0, 0, 0, 0, 0, 0, 0, 0, 0, 0, 0, 0, 0, 0, 0, 0, 0, 0], [1, 0, 0, 0, 0, 0, 0, 0, 0, 0, 0, 0, 0, 0, 0, 1, 0, 0, 0, 0, 0, 1, 0, 0, 0, 0, 0, 0, 0, 1, 0, 0, 0, 0, 0, 0, 0, 0, 0, 0, 0, 0, 0, 0, 0, 0, 0, 0, 0, 0, 0, 0, 0, 0, 0, 0, 0, 0, 0, 0, 0, 0, 0, 0, 0, 0, 0, 0, 0, 0, 0, 0], [0, 0, 0, 0, 0, 0, 0, 0, 0, 0, 0, 0, 0, 0, 0, 0, 0, 0, 0, 0, 0, 0, 0, 0, 0, 0, 0, 0, 0, 0, 0, 0, 0, 0, 0, 0, 0, 0, 0, 0, 0, 0, 0, 0, 0, 0, 0, 0, 0, 0, 0, 0, 0, 0, 0, 0, 0, 0, 1, 0, 0, 0, 0, 0, 0, 0, 0, 0, 0, 0, 1, 0], [0, 0, 0, 0, 0, 0, 0, 0, 0, 0, 1, 0, 0, 0, 0, 0, 0, 0, 0, 0, 0, 0, 0, 0, 0, 1, 0, 0, 1, 0, 0, 0, 0, 0, 0, 0, 0, 0, 0, 0, 0, 0, 0, 0, 0, 0, 0, 0, 0, 0, 0, 0, 0, 0, 0, 0, 0, 0, 0, 0, 0, 0, 0, 0, 0, 0, 0, 0, 0, 0, 0, 0], [0, 0, 0, 0, 0, 0, 0, 0, 0, 0, 1, 1, 1, 0, 0, 0, 0, 0, 0, 0, 0, 0, 0, 0, 0, 0, 0, 0, 0, 0, 0, 0, 0, 0, 0, 0, 0, 0, 0, 0, 0, 0, 0, 0, 0, 0, 0, 0, 0, 0, 0, 0, 0, 0, 0, 0, 0, 0, 0, 0, 0, 0, 0, 0, 0, 0, 0, 0, 0, 0, 0, 0], [0, 1, 1, 1, 0, 0, 0, 0, 0, 0, 0, 1, 0, 0, 0, 0, 0, 0, 0, 0, 0, 0, 0, 0, 0, 0, 0, 0, 0, 0, 0, 0, 0, 0, 0, 0, 0, 0, 0, 0, 0, 0, 0, 0, 0, 0, 0, 0, 0, 0, 0, 0, 0, 0, 0, 0, 0, 0, 0, 0, 0, 0, 0, 0, 0, 0, 0, 0, 0, 0, 0, 0], [0, 1, 0, 0, 0, 0, 0, 1, 1, 0, 0, 0, 0, 0, 0, 0, 0, 0, 0, 0, 0, 0, 0, 0, 0, 0, 0, 0, 0, 0, 0, 0, 0, 0, 0, 0, 0, 0, 0, 0, 0, 0, 0, 0, 0, 0, 0, 0, 0, 0, 0, 0, 0, 0, 0, 0, 0, 0, 0, 0, 0, 0, 0, 0, 0, 0, 0, 0, 0, 0, 0, 0], [0, 0, 0, 1, 0, 0, 0, 0, 1, 1, 0, 0, 1, 0, 0, 0, 0, 0, 0, 0, 0, 0, 0, 0, 0, 0, 0, 0, 0, 0, 0, 0, 0, 0, 0, 0, 0, 0, 0, 0, 0, 0, 0, 0, 0, 0, 0, 0, 0, 0, 0, 0, 0, 0, 0, 0, 0, 0, 0, 0, 0, 0, 0, 0, 0, 0, 0, 0, 0, 0, 0, 0], [0, 0, 0, 0, 1, 0, 0, 0, 1, 0, 0, 1, 0, 0, 0, 0, 0, 0, 0, 0, 0, 0, 0, 0, 0, 0, 0, 0, 0, 0, 0, 0, 0, 0, 0, 0, 0, 0, 0, 0, 0, 0, 0, 0, 0, 0, 0, 0, 0, 0, 0, 0, 0, 0, 0, 0, 0, 0, 0, 0, 0, 0, 0, 0, 0, 0, 0, 0, 0, 0, 0, 0], [0, 0, 0, 0, 0, 0, 0, 0, 0, 0, 0, 0, 0, 0, 0, 0, 0, 0, 0, 0, 0, 0, 0, 0, 0, 1, 1, 0, 0, 0, 0, 0, 0, 0, 0, 0, 0, 0, 0, 0, 0, 0, 0, 0, 0, 0, 0, 0, 0, 0, 0, 0, 0, 0, 0, 0, 0, 0, 0, 0, 0, 0, 0, 0, 0, 0, 0, 0, 0, 0, 0, 0], [0, 0, 0, 0, 0, 0, 0, 0, 0, 0, 0, 0, 0, 0, 0, 1, 1, 0, 1, 0, 1, 0, 0, 0, 0, 0, 0, 0, 0, 0, 0, 0, 0, 0, 0, 0, 0, 0, 0, 0, 0, 0, 0, 0, 0, 0, 0, 0, 0, 0, 0, 0, 0, 0, 0, 0, 0, 0, 0, 0, 0, 0, 0, 0, 0, 0, 0, 0, 0, 0, 0, 0], [0, 0, 0, 0, 0, 1, 0, 0, 0, 0, 0, 0, 0, 0, 1, 0, 0, 0, 0, 0, 0, 0, 0, 0, 0, 0, 0, 0, 0, 0, 0, 0, 0, 0, 0, 0, 0, 0, 0, 0, 0, 0, 0, 0, 0, 0, 0, 0, 0, 0, 0, 0, 0, 0, 0, 0, 0, 0, 0, 0, 0, 0, 0, 0, 0, 0, 0, 0, 0, 0, 0, 0], [1, 0, 0, 0, 0, 0, 0, 0, 0, 0, 0, 0, 0, 0, 1, 0, 0, 0, 1, 1, 0, 0, 0, 0, 0, 0, 0, 0, 0, 0, 0, 0, 0, 0, 0, 0, 0, 0, 0, 0, 0, 0, 0, 0, 0, 0, 0, 0, 0, 0, 0, 0, 0, 0, 0, 0, 0, 0, 0, 0, 0, 0, 0, 0, 0, 0, 0, 0, 0, 0, 0, 0], [0, 0, 0, 0, 0, 0, 0, 0, 0, 0, 0, 0, 0, 0, 0, 0, 0, 0, 1, 0, 0, 0, 1, 0, 0, 0, 0, 0, 0, 0, 0, 0, 0, 0, 0, 0, 0, 0, 0, 0, 0, 0, 0, 0, 0, 0, 1, 0, 0, 0, 0, 0, 0, 0, 0, 0, 0, 0, 0, 0, 0, 0, 0, 0, 0, 0, 0, 0, 0, 0, 0, 0], [0, 0, 0, 0, 0, 0, 0, 0, 0, 0, 0, 0, 0, 0, 1, 0, 1, 1, 0, 1, 1, 0, 0, 0, 0, 0, 0, 0, 0, 0, 0, 0, 0, 0, 0, 0, 0, 0, 0, 0, 0, 0, 0, 0, 0, 0, 0, 0, 0, 0, 0, 0, 0, 0, 0, 0, 0, 0, 0, 0, 0, 0, 0, 0, 0, 0, 0, 0, 0, 0, 0, 0], [0, 0, 0, 0, 0, 0, 0, 0, 0, 0, 0, 0, 0, 0, 0, 0, 1, 0, 1, 0, 0, 0, 0, 1, 0, 0, 0, 0, 0, 0, 0, 0, 0, 0, 0, 0, 0, 0, 0, 0, 0, 0, 0, 0, 0, 0, 1, 0, 0, 0, 0, 0, 0, 0, 0, 0, 0, 0, 0, 0, 0, 0, 0, 0, 0, 0, 0, 0, 0, 0, 0, 0], [0, 0, 0, 0, 0, 0, 0, 0, 0, 0, 0, 0, 0, 0, 1, 0, 0, 0, 1, 0, 0, 1, 0, 0, 0, 0, 0, 0, 0, 0, 0, 0, 0, 0, 0, 0, 1, 0, 0, 0, 0, 0, 0, 0, 0, 0, 0, 0, 0, 0, 0, 0, 0, 0, 0, 0, 0, 0, 0, 0, 0, 0, 0, 0, 0, 0, 0, 0, 0, 0, 0, 0], [0, 0, 0, 0, 0, 1, 0, 0, 0, 0, 0, 0, 0, 0, 0, 0, 0, 0, 0, 0, 1, 0, 0, 0, 0, 0, 0, 0, 0, 0, 0, 1, 0, 0, 0, 0, 0, 0, 0, 0, 0, 0, 0, 0, 0, 0, 0, 0, 0, 0, 0, 0, 0, 0, 0, 0, 0, 0, 0, 0, 0, 0, 0, 0, 0, 0, 0, 0, 0, 0, 0, 0], [0, 0, 0, 0, 0, 0, 0, 0, 0, 0, 0, 0, 0, 0, 0, 0, 0, 1, 0, 0, 0, 0, 0, 0, 0, 0, 0, 0, 0, 0, 0, 0, 0, 0, 0, 0, 0, 0, 0, 0, 1, 0, 0, 1, 0, 1, 0, 0, 0, 0, 0, 0, 0, 0, 0, 0, 0, 1, 0, 0, 0, 0, 0, 0, 0, 0, 0, 0, 0, 0, 0, 0], [0, 0, 0, 0, 0, 0, 0, 0, 0, 0, 0, 0, 0, 0, 0, 0, 0, 0, 0, 1, 0, 0, 0, 0, 0, 0, 0, 0, 0, 0, 0, 0, 0, 0, 0, 0, 0, 0, 0, 0, 0, 0, 0, 0, 0, 0, 1, 1, 0, 0, 0, 0, 0, 0, 0, 0, 0, 0, 0, 0, 0, 0, 0, 0, 0, 0, 0, 0, 0, 0, 0, 0], [0, 0, 0, 0, 0, 0, 0, 0, 0, 0, 0, 0, 0, 0, 0, 0, 0, 0, 0, 0, 0, 0, 0, 0, 0, 1, 1, 0, 0, 0, 0, 0, 0, 0, 0, 0, 0, 0, 0, 0, 0, 0, 0, 0, 0, 0, 0, 0, 0, 0, 0, 0, 0, 0, 1, 0, 0, 0, 0, 0, 0, 0, 0, 0, 0, 0, 0, 0, 0, 0, 0, 0], [0, 0, 0, 0, 0, 0, 0, 1, 0, 0, 0, 0, 0, 1, 0, 0, 0, 0, 0, 0, 0, 0, 0, 0, 1, 0, 0, 0, 0, 0, 0, 0, 0, 0, 0, 0, 0, 0, 0, 0, 0, 0, 0, 0, 0, 0, 0, 0, 0, 0, 0, 0, 0, 0, 0, 0, 0, 0, 0, 0, 0, 0, 0, 0, 0, 0, 0, 0, 0, 0, 0, 0], [0, 0, 0, 0, 0, 0, 0, 0, 0, 0, 0, 0, 0, 1, 0, 0, 0, 0, 0, 0, 0, 0, 0, 0, 1, 0, 0, 0, 0, 0, 0, 0, 0, 0, 0, 0, 0, 0, 0, 0, 0, 0, 0, 0, 0, 0, 0, 0, 0, 0, 0, 0, 0, 0, 1, 0, 0, 0, 0, 0, 0, 0, 0, 0, 0, 0, 0, 0, 0, 0, 0, 0], [0, 0, 0, 0, 0, 0, 0, 0, 0, 0, 0, 0, 0, 0, 0, 0, 0, 0, 0, 0, 0, 0, 0, 0, 0, 0, 0, 0, 1, 1, 1, 0, 0, 0, 0, 0, 0, 0, 0, 0, 0, 0, 0, 0, 0, 0, 0, 0, 0, 0, 0, 0, 0, 0, 0, 0, 0, 0, 0, 0, 0, 0, 0, 0, 0, 0, 0, 0, 0, 0, 0, 0], [0, 1, 0, 0, 0, 0, 0, 1, 0, 0, 0, 0, 0, 0, 0, 0, 0, 0, 0, 0, 0, 0, 0, 0, 0, 0, 0, 1, 0, 0, 1, 0, 0, 0, 0, 0, 0, 0, 0, 0, 0, 0, 0, 0, 0, 0, 0, 0, 0, 0, 0, 0, 0, 0, 0, 0, 0, 0, 0, 0, 0, 0, 0, 0, 0, 0, 0, 0, 0, 0, 0, 0], [0, 0, 0, 0, 0, 1, 0, 0, 0, 0, 0, 0, 0, 0, 0, 0, 0, 0, 0, 0, 0, 0, 0, 0, 0, 0, 0, 1, 0, 0, 0, 1, 0, 0, 0, 0, 0, 0, 0, 0, 0, 0, 0, 0, 0, 0, 0, 0, 0, 0, 0, 0, 0, 0, 0, 0, 0, 0, 0, 0, 0, 0, 0, 0, 0, 0, 0, 0, 0, 0, 0, 0], [0, 0, 0, 0, 0, 0, 0, 0, 0, 0, 0, 0, 0, 0, 0, 0, 0, 0, 0, 0, 0, 0, 0, 0, 0, 0, 0, 1, 1, 0, 0, 0, 0, 0, 0, 1, 0, 0, 0, 0, 0, 0, 0, 0, 0, 0, 0, 0, 0, 0, 0, 0, 0, 0, 0, 0, 0, 0, 0, 0, 0, 0, 0, 0, 0, 0, 0, 0, 0, 0, 0, 0], [0, 0, 0, 0, 0, 0, 0, 0, 0, 0, 0, 0, 0, 0, 0, 0, 0, 0, 0, 0, 0, 1, 0, 0, 0, 0, 0, 0, 0, 1, 0, 0, 0, 0, 1, 0, 0, 0, 0, 0, 0, 0, 0, 0, 0, 0, 0, 0, 0, 0, 0, 0, 0, 0, 0, 0, 0, 0, 0, 0, 0, 0, 0, 0, 0, 0, 0, 0, 0, 0, 0, 0], [0, 0, 0, 0, 0, 0, 0, 0, 0, 0, 0, 0, 0, 0, 0, 0, 0, 0, 0, 0, 0, 0, 0, 0, 0, 0, 0, 0, 0, 0, 0, 0, 0, 1, 0, 0, 0, 0, 0, 0, 0, 0, 0, 0, 0, 0, 0, 0, 0, 0, 0, 0, 0, 1, 0, 0, 0, 0, 0, 1, 0, 0, 0, 0, 1, 0, 0, 0, 0, 0, 0, 0], [0, 0, 0, 0, 0, 0, 0, 0, 0, 0, 0, 0, 0, 0, 0, 0, 0, 0, 0, 0, 0, 0, 0, 0, 0, 0, 0, 0, 0, 0, 0, 0, 1, 0, 0, 0, 0, 0, 0, 1, 0, 0, 0, 0, 0, 0, 0, 0, 0, 0, 0, 0, 0, 1, 0, 0, 0, 0, 0, 0, 0, 0, 1, 0, 1, 0, 0, 0, 0, 0, 0, 0], [0, 0, 0, 0, 0, 0, 0, 0, 0, 0, 0, 0, 0, 0, 0, 0, 0, 0, 0, 0, 0, 0, 0, 0, 0, 0, 0, 0, 0, 0, 0, 1, 0, 0, 0, 1, 0, 1, 0, 0, 0, 0, 0, 0, 0, 0, 0, 0, 0, 0, 0, 0, 0, 0, 0, 0, 0, 0, 0, 0, 0, 0, 0, 0, 0, 0, 0, 0, 0, 0, 0, 0], [0, 0, 0, 0, 0, 0, 0, 0, 0, 0, 0, 0, 0, 0, 0, 0, 0, 0, 0, 0, 0, 0, 0, 0, 0, 0, 0, 0, 0, 0, 1, 0, 0, 0, 1, 0, 0, 0, 0, 0, 0, 0, 0, 0, 0, 0, 0, 0, 0, 0, 0, 1, 0, 0, 0, 0, 0, 0, 0, 0, 0, 0, 0, 0, 0, 0, 0, 0, 0, 0, 0, 0], [0, 0, 0, 0, 0, 0, 0, 0, 0, 0, 0, 0, 0, 0, 0, 0, 0, 0, 0, 0, 1, 0, 0, 0, 0, 0, 0, 0, 0, 0, 0, 0, 0, 0, 0, 0, 0, 1, 0, 0, 1, 1, 0, 0, 0, 0, 0, 0, 0, 0, 0, 0, 0, 0, 0, 0, 0, 0, 0, 0, 0, 0, 0, 0, 0, 0, 0, 0, 0, 0, 0, 0], [0, 0, 0, 0, 0, 0, 0, 0, 0, 0, 0, 0, 0, 0, 0, 0, 0, 0, 0, 0, 0, 0, 0, 0, 0, 0, 0, 0, 0, 0, 0, 0, 0, 0, 1, 0, 1, 0, 0, 1, 0, 1, 0, 0, 0, 0, 0, 0, 0, 0, 0, 0, 0, 0, 0, 0, 0, 0, 0, 0, 0, 0, 0, 0, 0, 0, 0, 0, 0, 0, 0, 0], [0, 0, 0, 0, 0, 0, 0, 0, 0, 0, 0, 0, 0, 0, 0, 0, 0, 0, 0, 0, 0, 0, 0, 0, 0, 0, 0, 0, 0, 0, 0, 0, 0, 0, 0, 0, 0, 0, 0, 1, 1, 1, 1, 1, 0, 0, 0, 0, 0, 0, 0, 0, 0, 0, 0, 0, 0, 0, 0, 0, 0, 0, 0, 0, 0, 0, 0, 0, 0, 0, 0, 0], [0, 0, 0, 0, 0, 0, 0, 0, 0, 0, 0, 0, 0, 0, 0, 0, 0, 0, 0, 0, 0, 0, 0, 0, 0, 0, 0, 0, 0, 0, 0, 0, 0, 1, 0, 0, 0, 1, 1, 0, 0, 0, 1, 0, 0, 0, 0, 0, 0, 0, 0, 1, 0, 0, 0, 0, 0, 0, 0, 0, 0, 0, 1, 0, 0, 0, 0, 0, 0, 0, 0, 0], [0, 0, 0, 0, 0, 0, 0, 0, 0, 0, 0, 0, 0, 0, 0, 0, 0, 0, 0, 0, 0, 0, 1, 0, 0, 0, 0, 0, 0, 0, 0, 0, 0, 0, 0, 0, 1, 0, 1, 0, 0, 1, 0, 1, 0, 0, 0, 0, 0, 0, 0, 0, 0, 0, 0, 0, 0, 0, 0, 0, 0, 0, 0, 0, 0, 0, 0, 0, 0, 0, 0, 0], [0, 0, 0, 0, 0, 0, 0, 0, 0, 0, 0, 0, 0, 0, 0, 0, 0, 0, 0, 0, 0, 0, 0, 0, 0, 0, 0, 0, 0, 0, 0, 0, 0, 0, 0, 0, 1, 1, 1, 0, 1, 0, 0, 0, 0, 0, 0, 0, 0, 0, 0, 0, 0, 0, 0, 0, 0, 0, 0, 0, 0, 0, 0, 0, 0, 0, 0, 0, 0, 0, 0, 0], [0, 0, 0, 0, 0, 0, 0, 0, 0, 0, 0, 0, 0, 0, 0, 0, 0, 0, 0, 0, 0, 0, 0, 0, 0, 0, 0, 0, 0, 0, 0, 0, 0, 0, 0, 0, 0, 0, 1, 1, 0, 0, 0, 0, 0, 0, 0, 0, 0, 0, 0, 0, 0, 0, 0, 0, 0, 0, 0, 0, 0, 0, 1, 0, 0, 0, 0, 1, 0, 0, 0, 0], [0, 0, 0, 0, 0, 0, 0, 0, 0, 0, 0, 0, 0, 0, 0, 0, 0, 0, 0, 0, 0, 0, 1, 0, 0, 0, 0, 0, 0, 0, 0, 0, 0, 0, 0, 0, 0, 0, 1, 0, 1, 0, 0, 0, 0, 0, 0, 0, 0, 0, 0, 0, 0, 0, 0, 0, 0, 1, 0, 0, 0, 0, 0, 0, 0, 0, 0, 1, 0, 0, 0, 0], [0, 0, 0, 0, 0, 0, 0, 0, 0, 0, 0, 0, 0, 0, 0, 0, 0, 0, 0, 0, 0, 0, 0, 0, 0, 0, 0, 0, 0, 0, 0, 0, 0, 0, 0, 0, 0, 0, 0, 0, 0, 0, 0, 0, 0, 1, 0, 1, 0, 0, 0, 0, 0, 0, 0, 0, 0, 0, 0, 0, 0, 0, 0, 0, 0, 0, 0, 0, 0, 0, 0, 0], [0, 0, 0, 0, 0, 0, 0, 0, 0, 0, 0, 0, 0, 0, 0, 0, 0, 0, 0, 0, 0, 0, 1, 0, 0, 0, 0, 0, 0, 0, 0, 0, 0, 0, 0, 0, 0, 0, 0, 0, 0, 0, 0, 0, 1, 0, 1, 0, 0, 1, 0, 0, 0, 0, 0, 0, 0, 0, 0, 0, 0, 0, 0, 0, 0, 0, 0, 0, 0, 0, 0, 0], [0, 0, 0, 0, 0, 0, 0, 0, 0, 0, 0, 0, 0, 0, 0, 0, 0, 1, 0, 1, 0, 0, 0, 1, 0, 0, 0, 0, 0, 0, 0, 0, 0, 0, 0, 0, 0, 0, 0, 0, 0, 0, 0, 0, 0, 1, 0, 1, 0, 0, 0, 0, 0, 0, 0, 0, 0, 0, 0, 0, 0, 0, 0, 0, 0, 0, 0, 0, 0, 0, 0, 0], [0, 0, 0, 0, 0, 0, 0, 0, 0, 0, 0, 0, 0, 0, 0, 0, 0, 0, 0, 0, 0, 0, 0, 1, 0, 0, 0, 0, 0, 0, 0, 0, 0, 0, 0, 0, 0, 0, 0, 0, 0, 0, 0, 0, 1, 0, 1, 0, 1, 0, 0, 0, 0, 0, 0, 0, 0, 0, 0, 0, 0, 0, 0, 0, 0, 0, 0, 0, 0, 0, 0, 0], [0, 0, 0, 0, 0, 0, 0, 0, 0, 0, 0, 0, 0, 0, 0, 0, 0, 0, 0, 0, 0, 0, 0, 0, 0, 0, 0, 0, 0, 0, 0, 0, 0, 0, 0, 0, 0, 0, 0, 0, 0, 0, 0, 0, 0, 0, 0, 1, 0, 0, 0, 0, 0, 0, 0, 0, 0, 0, 0, 0, 0, 0, 0, 0, 0, 0, 0, 0, 0, 0, 0, 0], [0, 0, 0, 0, 0, 0, 0, 0, 0, 0, 0, 0, 0, 0, 0, 0, 0, 0, 0, 0, 0, 0, 0, 0, 0, 0, 0, 0, 0, 0, 0, 0, 0, 0, 0, 0, 0, 0, 0, 0, 0, 0, 0, 0, 0, 1, 0, 0, 0, 0, 0, 0, 0, 0, 0, 0, 0, 1, 0, 0, 0, 0, 0, 0, 0, 0, 0, 0, 0, 0, 0, 0], [0, 0, 0, 0, 0, 0, 0, 0, 0, 0, 0, 0, 0, 0, 0, 0, 0, 0, 0, 0, 0, 0, 0, 0, 0, 0, 0, 0, 0, 0, 0, 0, 0, 0, 0, 0, 0, 0, 0, 0, 0, 0, 0, 0, 0, 0, 0, 0, 0, 0, 0, 1, 1, 1, 0, 1, 0, 0, 0, 0, 0, 0, 0, 0, 0, 0, 0, 0, 0, 0, 0, 0], [0, 0, 0, 0, 0, 0, 0, 0, 0, 0, 0, 0, 0, 0, 0, 0, 0, 0, 0, 0, 0, 0, 0, 0, 0, 0, 0, 0, 0, 0, 0, 0, 0, 0, 0, 1, 0, 0, 0, 1, 0, 0, 0, 0, 0, 0, 0, 0, 0, 0, 1, 0, 1, 0, 0, 0, 0, 0, 0, 0, 0, 0, 0, 0, 0, 0, 0, 0, 0, 0, 0, 0], [0, 0, 0, 0, 0, 0, 0, 0, 0, 0, 0, 0, 0, 0, 0, 0, 0, 0, 0, 0, 0, 0, 0, 0, 0, 0, 0, 0, 0, 0, 0, 0, 0, 0, 0, 0, 0, 0, 0, 0, 0, 0, 0, 0, 0, 0, 0, 0, 0, 0, 1, 1, 0, 0, 1, 0, 0, 0, 0, 0, 0, 0, 0, 0, 0, 0, 0, 0, 0, 0, 0, 0], [0, 0, 0, 0, 0, 0, 0, 0, 0, 0, 0, 0, 0, 0, 0, 0, 0, 0, 0, 0, 0, 0, 0, 0, 0, 0, 0, 0, 0, 0, 0, 0, 1, 1, 0, 0, 0, 0, 0, 0, 0, 0, 0, 0, 0, 0, 0, 0, 0, 0, 1, 0, 0, 0, 0, 0, 1, 0, 0, 0, 0, 0, 0, 0, 0, 0, 0, 0, 0, 0, 0, 0], [0, 0, 0, 0, 0, 0, 0, 0, 0, 0, 0, 0, 0, 0, 0, 0, 0, 0, 0, 0, 0, 0, 0, 0, 1, 0, 1, 0, 0, 0, 0, 0, 0, 0, 0, 0, 0, 0, 0, 0, 0, 0, 0, 0, 0, 0, 0, 0, 0, 0, 0, 0, 1, 0, 0, 1, 0, 0, 0, 0, 0, 0, 0, 0, 0, 0, 0, 0, 0, 0, 0, 0], [0, 0, 0, 0, 0, 0, 0, 0, 0, 0, 0, 0, 0, 0, 0, 0, 0, 0, 0, 0, 0, 0, 0, 0, 0, 0, 0, 0, 0, 0, 0, 0, 0, 0, 0, 0, 0, 0, 0, 0, 0, 0, 0, 0, 0, 0, 0, 0, 0, 0, 1, 0, 0, 0, 1, 0, 1, 0, 0, 0, 0, 0, 0, 0, 0, 0, 0, 0, 0, 0, 0, 0], [0, 0, 0, 0, 0, 0, 0, 0, 0, 0, 0, 0, 0, 0, 0, 0, 0, 0, 0, 0, 0, 0, 0, 0, 0, 0, 0, 0, 0, 0, 0, 0, 0, 0, 0, 0, 0, 0, 0, 0, 0, 0, 0, 0, 0, 0, 0, 0, 0, 0, 0, 0, 0, 1, 0, 1, 0, 0, 0, 1, 0, 0, 0, 0, 0, 0, 0, 0, 0, 0, 0, 0], [0, 0, 0, 0, 0, 0, 0, 0, 0, 0, 0, 0, 0, 0, 0, 0, 0, 0, 0, 0, 0, 0, 1, 0, 0, 0, 0, 0, 0, 0, 0, 0, 0, 0, 0, 0, 0, 0, 0, 0, 0, 0, 0, 1, 0, 0, 0, 0, 0, 1, 0, 0, 0, 0, 0, 0, 0, 0, 0, 0, 0, 0, 0, 0, 0, 0, 0, 0, 0, 1, 0, 0], [0, 0, 0, 0, 0, 0, 1, 0, 0, 0, 0, 0, 0, 0, 0, 0, 0, 0, 0, 0, 0, 0, 0, 0, 0, 0, 0, 0, 0, 0, 0, 0, 0, 0, 0, 0, 0, 0, 0, 0, 0, 0, 0, 0, 0, 0, 0, 0, 0, 0, 0, 0, 0, 0, 0, 0, 0, 0, 0, 0, 0, 0, 0, 1, 0, 1, 0, 0, 0, 0, 0, 0], [0, 0, 0, 0, 0, 0, 0, 0, 0, 0, 0, 0, 0, 0, 0, 0, 0, 0, 0, 0, 0, 0, 0, 0, 0, 0, 0, 0, 0, 0, 0, 0, 1, 0, 0, 0, 0, 0, 0, 0, 0, 0, 0, 0, 0, 0, 0, 0, 0, 0, 0, 0, 0, 0, 0, 0, 1, 0, 0, 0, 0, 0, 0, 0, 1, 1, 0, 0, 0, 0, 0, 0], [0, 0, 0, 0, 0, 0, 0, 0, 0, 0, 0, 0, 0, 0, 0, 0, 0, 0, 0, 0, 0, 0, 0, 0, 0, 0, 0, 0, 0, 0, 0, 0, 0, 0, 0, 0, 0, 0, 0, 0, 0, 0, 0, 0, 0, 0, 0, 0, 0, 0, 0, 0, 0, 0, 0, 0, 0, 0, 0, 0, 0, 1, 1, 1, 1, 0, 0, 0, 0, 0, 0, 0], [0, 0, 0, 0, 0, 0, 0, 0, 0, 0, 0, 0, 0, 0, 0, 0, 0, 0, 0, 0, 0, 0, 0, 0, 0, 0, 0, 0, 0, 0, 0, 0, 0, 0, 0, 0, 0, 0, 0, 0, 0, 0, 0, 0, 0, 0, 0, 0, 0, 0, 0, 0, 0, 0, 0, 0, 0, 0, 0, 0, 1, 0, 1, 0, 0, 0, 0, 1, 1, 0, 0, 0], [0, 0, 0, 0, 0, 0, 0, 0, 0, 0, 0, 0, 0, 0, 0, 0, 0, 0, 0, 0, 0, 0, 0, 0, 0, 0, 0, 0, 0, 0, 0, 0, 0, 1, 0, 0, 0, 0, 0, 1, 0, 0, 1, 0, 0, 0, 0, 0, 0, 0, 0, 0, 0, 0, 0, 0, 0, 0, 0, 0, 1, 1, 0, 0, 0, 0, 0, 0, 0, 0, 0, 0], [0, 0, 0, 0, 0, 0, 0, 0, 0, 0, 0, 0, 0, 0, 0, 0, 0, 0, 0, 0, 0, 0, 0, 0, 0, 0, 0, 0, 0, 0, 0, 0, 0, 0, 0, 0, 0, 0, 0, 0, 0, 0, 0, 0, 0, 0, 0, 0, 0, 0, 0, 0, 0, 0, 0, 0, 0, 0, 1, 0, 1, 0, 0, 0, 0, 1, 0, 0, 0, 0, 1, 0], [0, 0, 0, 0, 0, 0, 0, 0, 0, 0, 0, 0, 0, 0, 0, 0, 0, 0, 0, 0, 0, 0, 0, 0, 0, 0, 0, 0, 0, 0, 0, 0, 1, 1, 0, 0, 0, 0, 0, 0, 0, 0, 0, 0, 0, 0, 0, 0, 0, 0, 0, 0, 0, 0, 0, 0, 0, 0, 0, 1, 1, 0, 0, 0, 0, 1, 0, 0, 0, 0, 0, 0], [0, 0, 0, 0, 0, 0, 0, 0, 0, 0, 0, 0, 0, 0, 0, 0, 0, 0, 0, 0, 0, 0, 0, 0, 0, 0, 0, 0, 0, 0, 0, 0, 0, 0, 0, 0, 0, 0, 0, 0, 0, 0, 0, 0, 0, 0, 0, 0, 0, 0, 0, 0, 0, 0, 0, 0, 0, 0, 1, 1, 0, 0, 0, 1, 1, 0, 0, 0, 0, 0, 0, 0], [0, 0, 0, 0, 0, 0, 0, 0, 0, 0, 0, 0, 0, 0, 0, 0, 0, 0, 0, 0, 0, 0, 0, 0, 0, 0, 0, 0, 0, 0, 0, 0, 0, 0, 0, 0, 0, 0, 0, 0, 0, 0, 0, 0, 0, 0, 0, 0, 0, 0, 0, 0, 0, 0, 0, 0, 0, 0, 0, 0, 0, 0, 0, 0, 0, 0, 0, 0, 1, 1, 0, 0], [0, 0, 0, 0, 0, 0, 0, 0, 0, 0, 0, 0, 0, 0, 0, 0, 0, 0, 0, 0, 0, 0, 0, 0, 0, 0, 0, 0, 0, 0, 0, 0, 0, 0, 0, 0, 0, 0, 0, 0, 0, 0, 1, 1, 0, 0, 0, 0, 0, 0, 0, 0, 0, 0, 0, 0, 0, 0, 0, 0, 0, 1, 0, 0, 0, 0, 0, 0, 1, 0, 0, 0], [0, 0, 0, 0, 0, 0, 0, 0, 0, 0, 0, 0, 0, 0, 0, 0, 0, 0, 0, 0, 0, 0, 0, 0, 0, 0, 0, 0, 0, 0, 0, 0, 0, 0, 0, 0, 0, 0, 0, 0, 0, 0, 0, 0, 0, 0, 0, 0, 0, 0, 0, 0, 0, 0, 0, 0, 0, 0, 0, 0, 0, 1, 0, 0, 0, 0, 1, 1, 0, 0, 1, 0], [0, 0, 0, 0, 0, 0, 0, 0, 0, 0, 0, 0, 0, 0, 0, 0, 0, 0, 0, 0, 0, 0, 0, 0, 0, 0, 0, 0, 0, 0, 0, 0, 0, 0, 0, 0, 0, 0, 0, 0, 0, 0, 0, 0, 0, 0, 0, 0, 0, 0, 0, 0, 0, 0, 0, 0, 0, 1, 0, 0, 0, 0, 0, 0, 0, 0, 1, 0, 0, 0, 0, 1], [0, 0, 0, 0, 0, 0, 1, 0, 0, 0, 0, 0, 0, 0, 0, 0, 0, 0, 0, 0, 0, 0, 0, 0, 0, 0, 0, 0, 0, 0, 0, 0, 0, 0, 0, 0, 0, 0, 0, 0, 0, 0, 0, 0, 0, 0, 0, 0, 0, 0, 0, 0, 0, 0, 0, 0, 0, 0, 0, 0, 0, 0, 0, 1, 0, 0, 0, 0, 1, 0, 0, 1], [0, 0, 0, 0, 0, 0, 0, 0, 0, 0, 0, 0, 0, 0, 0, 0, 0, 0, 0, 0, 0, 0, 0, 0, 0, 0, 0, 0, 0, 0, 0, 0, 0, 0, 0, 0, 0, 0, 0, 0, 0, 0, 0, 0, 0, 0, 0, 0, 0, 0, 0, 0, 0, 0, 0, 0, 0, 0, 0, 0, 0, 0, 0, 0, 0, 0, 0, 0, 0, 1, 1, 0]]
[58, 348, 219, 78, 362, 289, 296, 334, 444, 482, 112, 67, 148, 245, 420, 129, 421, 369, 444, 490, 190, 353, 455, 195, 243, 137, 343, 348, 440, 156, 211, 187, 392, 397, 270, 442, 55, 308, 95, 259, 113, 114, 493, 449, 228, 309, 473, 143, 248, 78, 121, 137, 294, 309, 130, 150, 112, 62, 84, 86, 378, 74, 142, 217, 435, 394, 416, 494, 139, 252, 91, 337]
0.03
[[0.0, 3.1578943616061763, 0.8955079524358996, 1.9022029905542617, 2.935564629142183, 1.4801623013921836, 9.777574824314438, 4.718533625952617, 3.819694316045605, 2.3908687163057016, 4.22865313285499, 2.8498917916448687, 3.6941927950322837, 5.969915963970072, 1.7536188065792249, 1.6539793438626174, 0.8927014119632194, 3.254392188772184, 2.1989567291265013, 2.568696747865718, 2.386915982548598, 2.2614479181613074, 4.209794634318845, 4.117623958646374, 5.419289899203831, 5.111285058197348, 6.922590055648599, 3.0910880918191235, 3.510574067386571, 2.1980040476497464, 3.7507706412901047, 2.653057896525386, 7.152222682530043, 6.136277169260865, 3.5118741595292797, 4.2897282389613505, 3.0228368210981187, 3.7117261749271355, 4.604295606476177, 4.989372390650413, 3.580220932208896, 3.7985903205172065, 5.577655498463178, 4.910336335499702, 5.435253841147004, 5.14149194208371, 4.008651784119629, 4.947223201964977, 5.643643742249336, 6.04052500738049, 6.456968508912858, 5.0068829004504884, 5.819017201143192, 6.637299579585284, 6.770133292568278, 8.420151369059214, 8.188173438949685, 5.723011639363669, 9.057103138555874, 8.237667132334593, 7.215329361811741, 7.089553617796833, 6.202063909852029, 8.193577595650682, 7.233991005110938, 8.250207450605055, 7.162754293540034, 6.090876749643285, 7.109799311064371, 6.703177308578003, 8.577726516849738, 7.393203362700732], [3.1578943616061763, 0.0, 2.560167510823829, 2.4094890613482494, 2.89037327126337, 2.397801634726278, 9.927459254983608, 1.6837840733725329, 1.6239126290709072, 0.9946406764210332, 1.155058579589813, 1.6840142941821363, 2.546569818190226, 2.9375994279151576, 3.6610526926435725, 3.0280942208507637, 3.79353335911023, 5.550531016979356, 4.729279943296744, 5.619286753117458, 3.698007341481317, 2.717623741933933, 6.0144380323399185, 7.05093675717161, 2.7990595636270728, 2.3056287904916557, 4.063068898713629, 1.6111178796988226, 0.9254412086603643, 1.4977056308882948, 1.7689583835117295, 2.2801632245886574, 5.9596092352837875, 5.4917642882977775, 2.827374315124166, 2.6064263774858216, 3.7306828198012525, 3.463384890300605, 5.169438646873549, 4.824294065772849, 4.834445673619252, 4.236828357052408, 5.992160603602314, 6.026944540275095, 8.075437057843192, 7.35954839395957, 6.641162644006116, 7.796520432607713, 8.532073201876345, 7.793995979296185, 4.7766140874118586, 3.877206392406777, 3.9348552877134146, 5.248582201100762, 4.244930775491277, 6.01961096309616, 6.386101265182307, 7.112378403893584, 8.70159547740871, 7.09935360203799, 7.104663534336842, 7.372170871743971, 6.157858907915417, 8.163160504075977, 6.651422097352887, 7.76977839020882, 7.9394537721332465, 6.793941403061953, 7.695563053302523, 7.728156845269829, 8.991952785788454, 8.483467941412902], [0.8955079524358996, 2.560167510823829, 0.0, 1.0224758167918553, 2.0820540560075385, 1.7088085135103743, 10.32000239989799, 4.214753377253006, 2.9754067053890085, 1.6599709527071722, 3.5321151177110326, 1.97300622410166, 2.7988642122322234, 5.477572372926245, 2.458164454532495, 2.1551618001725044, 1.7835374922678877, 4.114012824911916, 3.071884691970539, 3.4262619216785657, 2.983085586493617, 2.5608642443570053, 5.007637019904422, 4.994406634187356, 5.101946201540771, 4.717109153840872, 6.529170251052448, 2.934219470713828, 3.107538364760609, 2.0228587706133148, 3.5422494390014956, 2.754201060695065, 7.318740330135918, 6.425940228872614, 3.6478524551635436, 4.210778947937431, 3.5085609628627195, 3.9902015533428776, 5.1464926166873335, 5.364317213196002, 4.2439481255302525, 4.26960279556818, 6.115251149126824, 5.588183529104741, 6.330756247168877, 6.010588998836148, 4.903325809128913, 5.832969524686026, 6.52200069640758, 6.855062495107799, 6.4678621052242535, 5.124570331234299, 5.751574960191067, 6.737198688756449, 6.513066711716772, 8.228961604719052, 8.194400347080588, 6.471436062671558, 9.473191711327685, 8.438297645716627, 7.664265751513145, 7.628876450297517, 6.645793712905708, 8.677013504498296, 7.565400739252652, 8.624694983085051, 7.811161072112437, 6.705892660861592, 7.71694913944578, 7.395676075553888, 9.1665605611629, 8.106845400270053], [1.9022029905542617, 2.4094890613482494, 1.0224758167918553, 0.0, 1.0715890699555644, 2.5349671981220165, 11.163664932578858, 4.078941376898011, 2.2435322054705575, 1.418144062864285, 3.1142427663209284, 1.1849360860206017, 1.819876120648763, 5.309590839249525, 3.451243502655571, 3.0792848480248747, 2.794887821854707, 5.136476097964474, 4.092612727618065, 4.3477312599994, 3.923360384405856, 3.353393350825942, 6.017613399163501, 5.934373893618222, 5.179253114315045, 4.710726714209886, 6.469514163818298, 3.3201329235523684, 3.1884267080372997, 2.501823620292187, 3.8250146827322697, 3.3910301494514115, 7.864358295301367, 7.094125874630391, 4.259064424352883, 4.594721670589704, 4.377007558884986, 4.702407840148617, 6.022101791726229, 6.11806213130695, 5.199416108341302, 5.111854160253005, 6.9781312275308, 6.541804158329804, 7.323457221363006, 7.032603547089221, 5.905691668127545, 6.788690196003999, 7.460010602093704, 7.868423854157731, 6.875628584819382, 5.666726178086074, 6.094500154000814, 7.2281789050020935, 6.624478582192707, 8.387962344884478, 8.57017682420389, 7.458254318779559, 10.220094022018317, 9.002926679155756, 8.449365165582053, 8.48217745029564, 7.43566564047081, 9.482455427608732, 8.255463411384595, 9.34221350254958, 8.73776151573546, 7.616065877896736, 8.617009423305936, 8.350385092588006, 10.04828067842425, 9.07183398332377], [2.935564629142183, 2.89037327126337, 2.0820540560075385, 1.0715890699555644, 0.0, 3.576099319022462, 12.172543687405316, 4.422983978010568, 2.038525293807702, 2.0275183937145314, 3.231043102110425, 1.2281754022352658, 1.0939355175357268, 5.565048008926002, 4.522771143504492, 4.141892669410209, 3.8239188821499415, 6.186890221719012, 5.1344661773944, 5.2627050463629965, 4.987327275554345, 4.370707920491665, 7.0868650318597854, 6.854140147120713, 5.672997455181132, 5.146327568970749, 6.799146851310941, 4.125092754182257, 3.783942724112732, 3.4036751603491457, 4.536657791161565, 4.336617378212542, 8.687400246679873, 8.007675300600814, 5.17110962730811, 5.351663194579183, 5.415787284326838, 5.664208244201715, 7.057496013821818, 7.090424155700584, 6.265348368467581, 6.1356983562284615, 8.004953471206967, 7.606159039011527, 8.305949573484439, 8.077019293760777, 6.907031769740753, 7.722616866286297, 8.368759921722292, 8.936220118920161, 7.605673028501014, 6.5113935212772, 6.786484230803807, 8.016986991206782, 7.11122183885584, 8.889166732864332, 9.255573653561221, 8.529366114286896, 11.171105563490343, 9.831847424293759, 9.429430882555085, 9.50072256598825, 8.422054869882876, 10.47186593404501, 9.176449555623652, 10.27670261181331, 9.790925351451607, 8.66348916051432, 9.658674619493597, 9.414059319442957, 11.079306790573613, 10.138303236298478], [1.4801623013921836, 2.397801634726278, 1.7088085135103743, 2.5349671981220165, 3.576099319022462, 0.0, 8.637885505520313, 3.6526754509061097, 3.627932637674052, 2.087812721177766, 3.5527378721491494, 2.943111029735592, 3.965873917354293, 4.840850188255543, 1.2671357851188616, 0.6610557641669708, 1.636744825154488, 3.1623117298039847, 2.341741612949438, 3.392929090623839, 1.4667418466204585, 0.8524391527536642, 3.747864693361701, 4.711823329255181, 4.107002696199965, 3.8859522792703753, 5.656549890719245, 1.7282001381126317, 2.386126173498037, 0.9833578952983277, 2.3956200683827396, 1.1740472904352643, 5.693907001700532, 4.736072393730359, 2.0355421048491347, 2.8402640264318344, 1.8422422233542701, 2.295951425516059, 3.487144010405008, 3.655777827554424, 2.7363563897726793, 2.581842734896684, 4.444565418273956, 4.058925440762744, 5.677652879838168, 5.006425229569518, 4.24494670675024, 5.422492242410288, 6.163333273051439, 5.586581219628765, 4.977655332329648, 3.5320125579355137, 4.354303701227874, 5.162126896896032, 5.389839556150981, 6.991258373695741, 6.708382823491598, 5.043890785685789, 7.764386044288188, 6.793641785861331, 5.958491946490216, 5.9517785945993795, 4.940346279443381, 6.976891328839805, 5.865359419497534, 6.918021086981952, 6.216607619430413, 5.087394035625173, 6.084079808308611, 5.859215303423794, 7.513363963021546, 6.594303163708878], [9.777574824314438, 9.927459254983608, 10.32000239989799, 11.163664932578858, 12.172543687405316, 8.637885505520313, 0.0, 9.620689210733005, 11.551248387952503, 10.333336105425957, 10.671049854658586, 11.301497132707224, 12.326107758381202, 9.779386200126037, 8.046670272693072, 8.176609437933713, 9.185861000470046, 7.4151129866801515, 8.200921335564178, 9.408087843207596, 7.391215672567886, 7.810385613535216, 6.227974635678471, 9.057143141886353, 8.528960295558356, 8.998498121741834, 9.251402900702395, 8.324645842260713, 9.110355361472164, 8.821912988077932, 8.250517662949987, 7.869133659378302, 4.824511764792064, 4.548002050990736, 7.125383060564523, 7.484658605533403, 6.811443707410234, 6.54586190852831, 5.18012515632567, 5.126119498814262, 6.25208509034333, 6.056185799134802, 4.207231415343767, 5.034871502443048, 8.010891206629793, 6.681967909173884, 7.965946156045108, 8.81104329078302, 9.170018028094788, 5.319531194064755, 6.202679739252534, 6.188763060348134, 6.895111780652666, 5.510470495686338, 8.159829330300377, 7.865167525063393, 6.0328300694091, 4.753135394867895, 1.7937914287845522, 4.2206084263671855, 2.827597031300671, 2.692154446116956, 3.780778381076882, 1.7762162637105867, 3.5325184018914633, 2.5800817057218937, 2.9100774482474225, 3.751733126491372, 2.7601521504266913, 3.583860654631236, 1.3359056405646772, 3.3149347686693624], [4.718533625952617, 1.6837840733725329, 4.214753377253006, 4.078941376898011, 4.422983978010568, 3.6526754509061097, 9.620689210733005, 0.0, 2.6432864788553525, 2.674800322648712, 1.3498991939720193, 3.197089054893052, 3.8097695468701676, 1.26291402510933, 4.812995626672114, 4.169774360322381, 5.2294125250798205, 6.604046685010269, 5.949886665823005, 7.034230067385663, 4.623639041956339, 3.618414345779358, 6.807428821705158, 8.35214091345546, 1.3879996642437582, 0.8003900204580376, 2.3955718844690206, 2.1188620764172095, 1.2667507943276284, 2.6717057228058527, 1.6708566662604616, 2.9987426061612275, 5.156741856625392, 5.072794254875107, 3.060733298771021, 2.2042084690206285, 4.389578105457753, 3.7105075146186004, 5.467930190264358, 4.7879028649826045, 5.516139750360535, 4.642131104562947, 6.103011451345783, 6.491220898315239, 9.172809651231356, 8.261027499531988, 7.786949830589983, 9.025949358804725, 9.771064872205772, 8.437210647806, 3.7947773459329572, 3.444747895535998, 2.9376179113356784, 4.3999761954308845, 2.7412512276693017, 4.50704938587849, 5.186056858675218, 7.6159332074651305, 8.180232092483035, 6.237466591305781, 6.821980558681192, 7.281939564242646, 6.001902846956113, 7.849009509987404, 6.142950480262888, 7.233968335603796, 8.07078054554319, 6.974153571960679, 7.742889359725284, 8.002839896545218, 8.869924857562289, 8.746189794926014], [3.819694316045605, 1.6239126290709072, 2.9754067053890085, 2.2435322054705575, 2.038525293807702, 3.627932637674052, 11.551248387952503, 2.6432864788553525, 0.0, 1.5502209398106461, 1.3129170786634343, 1.0587573297015094, 1.1878174781415054, 3.644138628725474, 4.862279363545855, 4.2889170362123865, 4.642043482518168, 6.740489646084968, 5.797689908539614, 6.387136556044728, 5.0630483342775, 4.160259181617956, 7.372119332298491, 7.932123419223739, 4.008907197879369, 3.432849079277111, 4.912228065140945, 3.2304631884723647, 2.4891697487052724, 2.931962799630656, 3.3595042169278653, 3.8262864064291624, 7.507763818098734, 7.106226745857546, 4.443024883761423, 4.187221454264528, 5.223980054856183, 5.067478559096328, 6.7378629517680295, 6.443988807708522, 6.281135026527454, 5.795426681575946, 7.588871345607846, 7.534662285297895, 9.157842012264432, 8.617546530578975, 7.711515451406233, 8.74647213102512, 9.454638352526626, 9.199542241381407, 6.253986244616945, 5.4789488400043105, 5.393103876229839, 6.777411647471879, 5.383390962274276, 7.141948122677638, 7.772899352742882, 8.589835808344606, 10.314356733004749, 8.637149891635689, 8.72854985511207, 8.987681274068978, 7.780135612691596, 9.787011817562895, 8.260763114727261, 9.37900665237107, 9.52026560791089, 8.371913640036045, 9.292877878475307, 9.275928909460017, 10.606888982571924, 10.029097467640769], [2.3908687163057016, 0.9946406764210332, 1.6599709527071722, 1.418144062864285, 2.0275183937145314, 2.087812721177766, 10.333336105425957, 2.674800322648712, 1.5502209398106461, 0.0, 1.8721527490539271, 0.9684703758154155, 1.9976390017493888, 3.9207784874615594, 3.3124402927032177, 2.7472548008205733, 3.1513932987363558, 5.190977076575192, 4.2592931813523975, 4.943939069309576, 3.5402781396551704, 2.6906454189962155, 5.835676695222801, 6.45274920175385, 3.765974849589768, 3.2925850876512275, 5.057709161346526, 2.1159031839346603, 1.7939725793834373, 1.521525594277072, 2.5103544319234596, 2.4717233625162245, 6.666739735307554, 6.040962267423915, 3.2309118780592847, 3.324453584519783, 3.7698254739899393, 3.787563646789546, 5.349555542051622, 5.210092162815142, 4.783367139190575, 4.404106995942125, 6.249045532605223, 6.069578868142704, 7.625134571843916, 7.067490027670287, 6.178429890696533, 7.246809169633522, 7.965652791440889, 7.672300603714008, 5.580574447942294, 4.503658411719921, 4.768270772655464, 5.9906482282608495, 5.212436608995136, 6.980629985585599, 7.24230849735335, 7.097689281901095, 9.233022977851434, 7.811597163188055, 7.5431815387818695, 7.702842194966379, 6.555088647347911, 8.597566827425483, 7.2117289810050735, 8.322027586230188, 8.133346160622738, 6.986216940374866, 7.942724318454478, 7.841598816814553, 9.310513296945166, 8.589281961247126], [4.22865313285499, 1.155058579589813, 3.5321151177110326, 3.1142427663209284, 3.231043102110425, 3.5527378721491494, 10.671049854658586, 1.3498991939720193, 1.3129170786634343, 1.8721527490539271, 0.0, 2.0499057177578246, 2.4972672820838895, 2.34741446788971, 4.814961363661899, 4.179638201458135, 4.917187807408878, 6.702123954623, 5.883298850197618, 6.738660731554583, 4.82645771130724, 3.8290926705569697, 7.132380088406018, 8.192856915627084, 2.734311549996143, 2.1491151684609187, 3.6066849099214195, 2.542285773574193, 1.6102591423275445, 2.6359714806370174, 2.4307015849942637, 3.331299961578647, 6.393721755877418, 6.147548554044611, 3.724280811329931, 3.1911991692077075, 4.798617708821717, 4.386700598559279, 6.14159788190986, 5.657244675129665, 5.920686601809311, 5.233998286149962, 6.9014432737019344, 7.062083790324384, 9.230389154960827, 8.499038854521354, 7.796157765629365, 8.946585978873756, 9.680462112251051, 8.886532591136035, 5.077605090849112, 4.497326590254026, 4.213305860457321, 5.6459965222163175, 4.079466478236993, 5.831888927718197, 6.526255593136047, 8.165585955904906, 9.324535586503375, 7.501470284936644, 7.8460295529806485, 8.206784170990279, 6.952664684570145, 8.895224380293374, 7.269531869549555, 8.379804815685029, 8.870528403322613, 7.736889258726468, 8.591539048386263, 8.711317625855006, 9.820880615531985, 9.465949052205078], [2.8498917916448687, 1.6840142941821363, 1.97300622410166, 1.1849360860206017, 1.2281754022352658, 2.943111029735592, 11.301497132707224, 3.197089054893052, 1.0587573297015094, 0.9684703758154155, 2.0499057177578246, 0.0, 1.0390266015504566, 4.357087119728455, 4.094942963644223, 3.5854557239952825, 3.709188068894473, 5.922910178488192, 4.931261589384458, 5.399248083073465, 4.409851899141086, 3.619800860882795, 6.66291699399709, 6.964834808456321, 4.448519490104826, 3.918475579150955, 5.5795868608898065, 3.0620750121216997, 2.5978123880581445, 2.484769665781085, 3.3942015449599165, 3.4370872456696198, 7.582702621039695, 6.9982075567646485, 4.1974232346087925, 4.2255418055747125, 4.699202541444651, 4.755641525467285, 6.298814197423925, 6.178558775140827, 5.675024228462897, 5.355183555038196, 7.2078212131393435, 6.982455977792059, 8.259501335542796, 7.820229929358111, 6.81928619500407, 7.797043014163686, 8.491910010879641, 8.513148483831156, 6.445361170799034, 5.441158470697444, 5.611574778857333, 6.890309259805402, 5.884476065325375, 7.662421483578796, 8.069023828286033, 7.986093469114725, 10.195320450056125, 8.726917494896798, 8.5113724463848, 8.66777893084772, 7.52351991668194, 9.565957236912812, 8.16853743680672, 9.281002884174063, 9.078080564129575, 7.9329837797413765, 8.897412046409285, 8.767933289956193, 10.273280742621417, 9.511580177438432], [3.6941927950322837, 2.546569818190226, 2.7988642122322234, 1.819876120648763, 1.0939355175357268, 3.965873917354293, 12.326107758381202, 3.8097695468701676, 1.1878174781415054, 1.9976390017493888, 2.4972672820838895, 1.0390266015504566, 0.0, 4.831768672873536, 5.081084928187525, 4.5985541033581425, 4.581083714658645, 6.869341834540619, 5.8503880988695265, 6.167064452590657, 5.430995335000528, 4.657937034268885, 7.659149562193222, 7.7542389180451625, 5.154362685546009, 4.588128762137441, 6.099942721582735, 4.046382850955266, 3.4696683008058065, 3.518770032855252, 4.3113958025344905, 4.469325263667911, 8.505641495030716, 7.985301090342151, 5.209614788846223, 5.149268674496759, 5.736889966103251, 5.78192536059137, 7.337743752645104, 7.2005617264933806, 6.701701267643498, 6.3939048165163035, 8.244833364739844, 8.015180716349322, 9.128951474948144, 8.770610739265594, 7.701961206323954, 8.607939460064031, 9.279699308441845, 9.512944877558326, 7.3104227281564835, 6.400785570236035, 6.459256326570328, 7.794707332561583, 6.5503339630221955, 8.315907371004712, 8.880260691671028, 9.009210626342142, 11.190490830409399, 9.645865134021477, 9.527846380599643, 9.700366140788825, 8.546098225485924, 10.584257998957915, 9.153308776951397, 10.269162048505747, 10.117046732217139, 8.972010292846072, 9.935734534361723, 9.803906731222348, 11.308045959064055, 10.546320427039863], [5.969915963970072, 2.9375994279151576, 5.477572372926245, 5.309590839249525, 5.565048008926002, 4.840850188255543, 9.779386200126037, 1.26291402510933, 3.644138628725474, 3.9207784874615594, 2.34741446788971, 4.357087119728455, 4.831768672873536, 0.0, 5.941302898974878, 5.309917684974761, 6.446813874407001, 7.6594584876370355, 7.08524558338154, 8.233637845500507, 5.668975938911129, 4.695254381589352, 7.7334217682668465, 9.499347547759283, 1.2897340090972236, 1.0518517064828532, 1.2767641258005156, 3.196991885640806, 2.4754881817355994, 3.8735034729410436, 2.6143202283937894, 4.049728858504027, 5.060255167128692, 5.3073242681618, 3.8982790657635893, 2.8274206621075404, 5.327840330002881, 4.489256948565012, 6.1651727755854075, 5.315036323344641, 6.4197755664303955, 5.440541755634565, 6.657461420971011, 7.246844497805299, 10.220264922966093, 9.218907164752062, 8.869727682592012, 10.13726737357012, 10.882494842792932, 9.251673838510996, 3.6367822228016626, 3.8198892820265544, 2.8846136480844313, 4.316212388644505, 2.0096183705400015, 3.62327202687193, 4.680736494823084, 8.36533677397047, 8.202620320755642, 6.0297515295212705, 7.073954685780641, 7.658052760013112, 6.380307028630107, 8.04370580363057, 6.247218754376755, 7.272862741936526, 8.57671900253055, 7.542216878969083, 8.200761527484788, 8.6036501457668, 9.181439515327279, 9.323426598015986], [1.7536188065792249, 3.6610526926435725, 2.458164454532495, 3.451243502655571, 4.522771143504492, 1.2671357851188616, 8.046670272693072, 4.812995626672114, 4.862279363545855, 3.3124402927032177, 4.814961363661899, 4.094942963644223, 5.081084928187525, 5.941302898974878, 0.0, 0.6471757012820568, 1.1870838905706649, 1.8956756740315528, 1.144114244337646, 2.4460853653292283, 0.7172970530056779, 1.28466691032263, 2.5806226800314382, 3.559367594759434, 5.058001251880648, 4.934679735956714, 6.626506021604081, 2.7454901459407592, 3.5560825899258863, 2.202103721707983, 3.3673199141875587, 1.9308698168592557, 5.833812303627402, 4.673211791619392, 2.5017331712390467, 3.573592365122251, 1.452018610055315, 2.4092223394583994, 2.898974658195257, 3.4514354418261064, 1.8266727409979924, 2.1895812117361713, 3.8649657539100497, 3.158917271852383, 4.418883026325807, 3.7554139535415576, 2.9960168702317764, 4.2131106684196995, 4.958109756204667, 4.435569280602106, 5.411484974603571, 3.861321990782587, 4.945858397764854, 5.437254838030688, 6.203052104921887, 7.663212913649435, 7.091494982063217, 4.01327317022563, 7.413617083806256, 6.847390961460688, 5.55665626421743, 5.367087660883311, 4.559175960865748, 6.501436763898309, 5.695208654288547, 6.652010579424712, 5.409188042092077, 4.341100188424032, 5.360520227477899, 4.957523218517384, 6.831490463941474, 5.65768214751322], [1.6539793438626174, 3.0280942208507637, 2.1551618001725044, 3.0792848480248747, 4.141892669410209, 0.6610557641669708, 8.176609437933713, 4.169774360322381, 4.2889170362123865, 2.7472548008205733, 4.179638201458135, 3.5854557239952825, 4.5985541033581425, 5.309917684974761, 0.6471757012820568, 0.0, 1.4302869792669386, 2.522579416887167, 1.7805628510081202, 2.99292569784753, 0.8458489284806131, 0.7454577615787514, 3.089320604771248, 4.190352606124116, 4.463643987153342, 4.313508543654053, 6.030532666962186, 2.120602779543348, 2.9105682920862033, 1.5572617925989969, 2.7584020918316474, 1.3497873422378805, 5.568566258864115, 4.499084507409355, 2.044303211062222, 3.039164083679223, 1.3778165079945894, 2.1052080516141585, 2.99736975299811, 3.336592117152479, 2.1254340570615233, 2.152473072270823, 3.969394399468557, 3.46433294998714, 5.061746445580658, 4.350009717035047, 3.6424810633823643, 4.857959692042852, 5.602585134271979, 4.932110109455109, 5.010523998929352, 3.4910287362170047, 4.4767937429898925, 5.106507061904723, 5.657306242670573, 7.174173852041093, 6.720888651437395, 4.415572093346038, 7.406396522137659, 6.628894318744687, 5.569869932126881, 5.484456031844334, 4.554205378850327, 6.560380989120132, 5.583976622776834, 6.596228245237876, 5.663576558612173, 4.55198267035401, 5.561933290126574, 5.272197622722627, 7.012191062595199, 5.997690657766257], [0.8927014119632194, 3.79353335911023, 1.7835374922678877, 2.794887821854707, 3.8239188821499415, 1.636744825154488, 9.185861000470046, 5.2294125250798205, 4.642043482518168, 3.1513932987363558, 4.917187807408878, 3.709188068894473, 4.581083714658645, 6.446813874407001, 1.1870838905706649, 1.4302869792669386, 0.0, 2.3805685686461073, 1.3173951704174347, 1.8260168609867375, 1.9023755519602676, 2.1687203970802353, 3.394105895588735, 3.3013639812853666, 5.743634768483836, 5.514017077237854, 7.292446031397204, 3.3646074565200945, 3.9736757164517105, 2.5745131031862205, 4.031249258142645, 2.7213276584966835, 6.967043485213046, 5.841843243536838, 3.4724176868671486, 4.423643200525075, 2.62618326493961, 3.5091159251722464, 4.071633270538114, 4.631127903632371, 2.934611013966374, 3.3750927722542596, 5.029697918724909, 4.219008377721008, 4.554277440621111, 4.256428982762406, 3.1213295331417856, 4.104540748139065, 4.816802320306497, 5.198708101727603, 6.440733090092493, 4.918713402696804, 5.893980172346224, 6.528233975023596, 7.01128078925625, 8.575412278848749, 8.150419141783718, 4.94760102625352, 8.596799113953837, 8.003694821841405, 6.7384151954526885, 6.520013661205758, 5.744364764470514, 7.671574619247259, 6.878590396808389, 7.839067714180787, 6.47990049782351, 5.452477319519444, 6.469747741468137, 5.978438288642116, 7.946121670822349, 6.6432845591