5
4
72
20643
[0, 0, 0, 716, 716, 726, 731, 0, 0, 0, 0, 711, 0, 0, 737, 724, 713, 722, 0, 696, 0, 0, 0, 0, 695, 0, 707, 737, 0, 0, 717, 731, 0, 0, 705, 0, 0, 0, 0, 0, 700, 0, 710, 0, 0, 695, 0, 0, 0, 738, 729, 704, 0, 0, 0, 712, 0, 0, 715, 717, 730, 0, 0, 731, 0, 0, 0, 0, 0, 737, 0, 0]
[145, 143, 144, 141, 142, 139, 144, 141, 144, 144, 141, 140, 143, 139, 143, 139, 141, 145, 142, 140, 141, 146, 143, 145, 146, 139, 145, 145, 139, 146, 142, 146, 144, 142, 144, 140, 142, 142, 145, 143, 140, 141, 143, 147, 147, 146, 147, 144, 140, 143, 141, 139, 146, 143, 141, 142, 147, 139, 146, 145, 142, 147, 142, 140, 140, 146, 140, 147, 146, 139, 142, 146]
[[0, 1, 1, 0, 0, 0, 0, 0, 0, 0, 0, 0, 0, 0, 0, 0, 0, 0, 0, 0, 0, 0, 0, 0, 0, 0, 0, 0, 0, 0, 0, 0, 0, 0, 0, 0, 0, 0, 0, 0, 0, 0, 0, 0, 0, 0, 0, 0, 0, 0, 0, 0, 0, 0, 0, 0, 0, 0, 0, 0, 0, 0, 0, 0, 0, 0, 0, 0, 0, 0, 0, 0], [1, 0, 0, 0, 0, 0, 0, 0, 0, 0, 0, 0, 0, 0, 0, 0, 0, 0, 0, 0, 0, 0, 1, 0, 0, 0, 0, 0, 0, 0, 0, 0, 0, 0, 0, 0, 0, 0, 0, 0, 0, 0, 0, 0, 0, 0, 0, 0, 0, 0, 0, 0, 0, 0, 0, 0, 0, 0, 0, 0, 0, 0, 0, 0, 0, 0, 0, 0, 0, 0, 0, 0], [1, 0, 0, 1, 0, 0, 0, 0, 0, 0, 0, 0, 0, 0, 0, 0, 0, 0, 0, 0, 0, 0, 1, 0, 0, 0, 0, 0, 0, 0, 0, 0, 0, 0, 0, 0, 0, 0, 0, 0, 0, 0, 0, 0, 0, 0, 0, 0, 0, 0, 0, 0, 0, 0, 0, 0, 0, 0, 0, 0, 0, 0, 0, 0, 0, 0, 0, 0, 0, 0, 0, 0], [0, 0, 1, 0, 0, 0, 0, 0, 0, 0, 0, 0, 0, 0, 0, 0, 0, 0, 0, 0, 0, 1, 1, 0, 0, 0, 0, 0, 0, 0, 0, 0, 0, 0, 0, 0, 0, 0, 0, 0, 0, 0, 0, 0, 0, 0, 0, 0, 0, 0, 0, 0, 0, 0, 0, 0, 0, 0, 0, 0, 0, 0, 0, 0, 0, 0, 0, 0, 0, 0, 0, 0], [0, 0, 0, 0, 0, 1, 0, 0, 0, 0, 0, 0, 0, 0, 0, 0, 0, 0, 0, 0, 0, 0, 0, 0, 1, 0, 0, 0, 0, 0, 0, 0, 0, 0, 0, 0, 1, 0, 0, 0, 0, 0, 0, 0, 0, 0, 0, 0, 0, 0, 0, 0, 0, 0, 0, 0, 0, 0, 0, 0, 0, 0, 0, 0, 0, 0, 0, 0, 0, 0, 0, 0], [0, 0, 0, 0, 1, 0, 1, 0, 0, 0, 0, 0, 0, 1, 0, 1, 0, 0, 0, 0, 0, 0, 0, 0, 0, 0, 0, 0, 0, 0, 0, 0, 0, 0, 0, 0, 1, 0, 0, 0, 0, 0, 0, 0, 0, 0, 0, 0, 0, 0, 0, 0, 0, 0, 0, 0, 0, 0, 0, 0, 0, 0, 0, 0, 0, 0, 0, 0, 0, 0, 0, 0], [0, 0, 0, 0, 0, 1, 0, 0, 0, 0, 0, 0, 0, 0, 0, 1, 1, 0, 0, 0, 0, 0, 0, 0, 0, 0, 0, 0, 0, 0, 0, 0, 0, 0, 0, 0, 0, 0, 0, 0, 0, 0, 0, 0, 0, 0, 0, 0, 0, 0, 0, 0, 0, 0, 0, 0, 0, 0, 0, 0, 0, 0, 0, 0, 0, 0, 0, 0, 0, 0, 0, 0], [0, 0, 0, 0, 0, 0, 0, 0, 0, 0, 0, 0, 0, 1, 0, 0, 0, 0, 1, 1, 0, 0, 0, 0, 0, 0, 0, 0, 0, 0, 0, 0, 0, 0, 0, 0, 1, 0, 0, 0, 0, 0, 0, 0, 0, 0, 0, 0, 0, 0, 0, 0, 0, 0, 0, 0, 0, 0, 0, 0, 0, 0, 0, 0, 0, 0, 0, 0, 0, 0, 0, 0], [0, 0, 0, 0, 0, 0, 0, 0, 0, 1, 0, 1, 0, 0, 1, 0, 0, 0, 0, 0, 0, 0, 0, 0, 0, 0, 0, 0, 0, 0, 0, 0, 0, 0, 0, 0, 0, 0, 0, 0, 0, 0, 0, 0, 0, 0, 0, 0, 0, 0, 0, 0, 0, 0, 0, 0, 0, 0, 0, 0, 0, 0, 0, 0, 0, 0, 0, 0, 0, 0, 0, 0], [0, 0, 0, 0, 0, 0, 0, 0, 1, 0, 0, 1, 0, 0, 0, 0, 0, 0, 0, 0, 0, 0, 0, 0, 0, 0, 0, 0, 0, 0, 0, 0, 0, 0, 0, 0, 0, 0, 0, 0, 0, 0, 0, 0, 0, 0, 0, 0, 0, 0, 0, 1, 0, 0, 0, 0, 0, 0, 0, 0, 0, 0, 0, 0, 0, 0, 0, 0, 0, 0, 0, 0], [0, 0, 0, 0, 0, 0, 0, 0, 0, 0, 0, 1, 0, 0, 1, 0, 0, 1, 1, 0, 0, 0, 0, 0, 0, 0, 0, 0, 0, 0, 0, 0, 0, 0, 0, 0, 0, 0, 0, 0, 0, 0, 0, 0, 0, 0, 0, 0, 0, 0, 0, 0, 0, 0, 0, 0, 0, 0, 0, 0, 0, 0, 0, 0, 0, 0, 0, 0, 0, 0, 0, 0], [0, 0, 0, 0, 0, 0, 0, 0, 1, 1, 1, 0, 0, 0, 1, 0, 0, 0, 0, 0, 0, 0, 0, 0, 0, 0, 0, 0, 0, 0, 0, 0, 0, 0, 0, 0, 0, 0, 0, 0, 0, 0, 0, 0, 0, 0, 0, 0, 0, 0, 0, 0, 0, 0, 0, 0, 0, 0, 0, 0, 0, 0, 0, 0, 0, 0, 0, 0, 0, 0, 0, 0], [0, 0, 0, 0, 0, 0, 0, 0, 0, 0, 0, 0, 0, 1, 1, 1, 1, 0, 0, 0, 0, 0, 0, 0, 0, 0, 0, 0, 0, 0, 0, 0, 0, 0, 0, 0, 0, 0, 0, 0, 0, 0, 0, 0, 0, 0, 0, 0, 0, 0, 0, 0, 0, 0, 0, 0, 0, 0, 0, 0, 0, 0, 0, 0, 0, 0, 0, 0, 0, 0, 0, 0], [0, 0, 0, 0, 0, 1, 0, 1, 0, 0, 0, 0, 1, 0, 1, 0, 0, 0, 0, 0, 0, 0, 0, 0, 0, 0, 0, 0, 0, 0, 0, 0, 0, 0, 0, 0, 0, 0, 0, 0, 0, 0, 0, 0, 0, 0, 0, 0, 0, 0, 0, 0, 0, 0, 0, 0, 0, 0, 0, 0, 0, 0, 0, 0, 0, 0, 0, 0, 0, 0, 0, 0], [0, 0, 0, 0, 0, 0, 0, 0, 1, 0, 1, 1, 1, 1, 0, 0, 0, 0, 0, 0, 0, 0, 0, 0, 0, 0, 0, 0, 0, 0, 0, 0, 0, 0, 0, 0, 0, 0, 0, 0, 0, 0, 0, 0, 0, 0, 0, 0, 0, 0, 0, 0, 0, 0, 0, 0, 0, 0, 0, 0, 0, 0, 0, 0, 0, 0, 0, 0, 0, 0, 0, 0], [0, 0, 0, 0, 0, 1, 1, 0, 0, 0, 0, 0, 1, 0, 0, 0, 1, 0, 0, 0, 0, 0, 0, 0, 0, 0, 0, 0, 0, 0, 0, 0, 0, 0, 0, 0, 0, 0, 0, 0, 0, 0, 0, 0, 0, 0, 0, 0, 0, 0, 0, 0, 0, 0, 0, 0, 0, 0, 0, 0, 0, 0, 0, 0, 0, 0, 0, 0, 0, 0, 0, 0], [0, 0, 0, 0, 0, 0, 1, 0, 0, 0, 0, 0, 1, 0, 0, 1, 0, 0, 0, 0, 0, 0, 0, 0, 0, 0, 0, 0, 0, 0, 0, 0, 0, 0, 0, 0, 0, 0, 0, 0, 0, 0, 0, 0, 0, 0, 0, 0, 0, 0, 0, 0, 0, 0, 0, 0, 0, 0, 0, 0, 0, 0, 0, 0, 0, 0, 0, 0, 0, 0, 0, 0], [0, 0, 0, 0, 0, 0, 0, 0, 0, 0, 1, 0, 0, 0, 0, 0, 0, 0, 1, 0, 0, 0, 0, 0, 0, 0, 0, 0, 0, 0, 0, 0, 0, 0, 0, 0, 0, 0, 0, 0, 0, 0, 0, 0, 0, 0, 0, 0, 0, 0, 0, 1, 0, 0, 0, 0, 0, 0, 0, 0, 0, 0, 0, 0, 0, 0, 0, 0, 0, 0, 0, 0], [0, 0, 0, 0, 0, 0, 0, 1, 0, 0, 1, 0, 0, 0, 0, 0, 0, 1, 0, 1, 0, 0, 0, 0, 0, 0, 0, 0, 0, 0, 0, 0, 0, 0, 0, 0, 0, 0, 0, 0, 0, 0, 0, 0, 0, 0, 0, 0, 0, 0, 0, 0, 0, 0, 0, 0, 0, 0, 0, 0, 0, 1, 0, 0, 0, 0, 0, 0, 0, 0, 0, 0], [0, 0, 0, 0, 0, 0, 0, 1, 0, 0, 0, 0, 0, 0, 0, 0, 0, 0, 1, 0, 0, 0, 0, 0, 0, 0, 0, 0, 0, 0, 0, 0, 0, 0, 0, 0, 0, 0, 0, 0, 0, 0, 0, 0, 0, 0, 0, 0, 0, 0, 0, 0, 0, 0, 0, 0, 0, 1, 0, 0, 0, 0, 0, 0, 0, 0, 0, 0, 0, 0, 0, 0], [0, 0, 0, 0, 0, 0, 0, 0, 0, 0, 0, 0, 0, 0, 0, 0, 0, 0, 0, 0, 0, 1, 1, 0, 0, 0, 0, 0, 0, 0, 0, 1, 0, 0, 1, 0, 0, 0, 0, 0, 0, 0, 0, 0, 0, 0, 0, 0, 0, 0, 0, 0, 0, 0, 0, 0, 0, 0, 0, 0, 0, 0, 0, 0, 0, 0, 0, 0, 0, 0, 0, 0], [0, 0, 0, 1, 0, 0, 0, 0, 0, 0, 0, 0, 0, 0, 0, 0, 0, 0, 0, 0, 1, 0, 0, 0, 0, 0, 0, 0, 0, 0, 0, 0, 0, 0, 0, 0, 0, 0, 0, 0, 0, 0, 0, 0, 0, 0, 0, 0, 0, 0, 0, 0, 0, 0, 0, 0, 0, 0, 0, 0, 0, 0, 0, 0, 0, 0, 0, 0, 0, 0, 0, 0], [0, 1, 1, 1, 0, 0, 0, 0, 0, 0, 0, 0, 0, 0, 0, 0, 0, 0, 0, 0, 1, 0, 0, 0, 0, 0, 0, 0, 0, 0, 0, 0, 0, 0, 0, 0, 0, 0, 0, 0, 0, 0, 0, 0, 0, 0, 0, 0, 0, 0, 0, 1, 1, 0, 0, 0, 0, 0, 0, 0, 0, 0, 0, 0, 0, 0, 0, 0, 0, 0, 0, 0], [0, 0, 0, 0, 0, 0, 0, 0, 0, 0, 0, 0, 0, 0, 0, 0, 0, 0, 0, 0, 0, 0, 0, 0, 0, 0, 1, 0, 0, 0, 0, 0, 0, 0, 0, 0, 0, 0, 0, 0, 0, 0, 0, 0, 0, 0, 0, 0, 0, 0, 0, 0, 0, 0, 0, 0, 0, 0, 0, 0, 0, 0, 0, 0, 1, 1, 0, 0, 0, 0, 0, 0], [0, 0, 0, 0, 1, 0, 0, 0, 0, 0, 0, 0, 0, 0, 0, 0, 0, 0, 0, 0, 0, 0, 0, 0, 0, 0, 0, 0, 0, 0, 0, 0, 0, 0, 0, 0, 0, 0, 0, 0, 0, 0, 0, 0, 0, 0, 0, 0, 0, 0, 0, 0, 0, 0, 1, 0, 0, 0, 0, 0, 0, 0, 0, 0, 0, 0, 0, 0, 0, 0, 0, 0], [0, 0, 0, 0, 0, 0, 0, 0, 0, 0, 0, 0, 0, 0, 0, 0, 0, 0, 0, 0, 0, 0, 0, 0, 0, 0, 1, 1, 0, 0, 0, 0, 0, 0, 0, 0, 0, 0, 0, 0, 0, 1, 1, 0, 0, 0, 0, 0, 0, 0, 0, 0, 0, 0, 0, 0, 0, 0, 0, 0, 0, 0, 0, 0, 0, 0, 0, 0, 0, 0, 0, 0], [0, 0, 0, 0, 0, 0, 0, 0, 0, 0, 0, 0, 0, 0, 0, 0, 0, 0, 0, 0, 0, 0, 0, 1, 0, 1, 0, 0, 0, 0, 0, 0, 0, 0, 0, 0, 0, 0, 0, 0, 0, 0, 0, 0, 0, 0, 0, 0, 0, 0, 0, 0, 0, 0, 0, 0, 0, 0, 0, 0, 0, 0, 0, 0, 0, 0, 0, 0, 0, 0, 0, 0], [0, 0, 0, 0, 0, 0, 0, 0, 0, 0, 0, 0, 0, 0, 0, 0, 0, 0, 0, 0, 0, 0, 0, 0, 0, 1, 0, 0, 1, 0, 0, 0, 0, 0, 0, 0, 0, 0, 0, 0, 0, 0, 1, 0, 0, 0, 0, 0, 0, 0, 0, 0, 0, 0, 0, 0, 0, 0, 0, 0, 0, 0, 0, 0, 0, 0, 0, 0, 0, 0, 0, 0], [0, 0, 0, 0, 0, 0, 0, 0, 0, 0, 0, 0, 0, 0, 0, 0, 0, 0, 0, 0, 0, 0, 0, 0, 0, 0, 0, 1, 0, 0, 0, 0, 0, 0, 0, 0, 0, 0, 1, 0, 1, 0, 0, 0, 1, 0, 0, 0, 0, 1, 0, 0, 0, 0, 0, 0, 0, 0, 0, 0, 0, 0, 0, 0, 0, 0, 0, 0, 0, 0, 0, 0], [0, 0, 0, 0, 0, 0, 0, 0, 0, 0, 0, 0, 0, 0, 0, 0, 0, 0, 0, 0, 0, 0, 0, 0, 0, 0, 0, 0, 0, 0, 1, 0, 0, 0, 0, 0, 0, 0, 1, 0, 0, 0, 0, 0, 0, 0, 0, 0, 1, 0, 0, 0, 0, 0, 0, 0, 0, 0, 0, 0, 0, 0, 0, 0, 0, 0, 0, 0, 0, 0, 0, 0], [0, 0, 0, 0, 0, 0, 0, 0, 0, 0, 0, 0, 0, 0, 0, 0, 0, 0, 0, 0, 0, 0, 0, 0, 0, 0, 0, 0, 0, 1, 0, 0, 1, 1, 0, 0, 0, 0, 1, 0, 0, 0, 0, 0, 0, 0, 0, 0, 0, 0, 0, 0, 0, 0, 0, 0, 0, 0, 0, 0, 0, 0, 0, 0, 0, 0, 0, 0, 0, 0, 0, 0], [0, 0, 0, 0, 0, 0, 0, 0, 0, 0, 0, 0, 0, 0, 0, 0, 0, 0, 0, 0, 1, 0, 0, 0, 0, 0, 0, 0, 0, 0, 0, 0, 0, 0, 1, 0, 0, 0, 0, 0, 0, 0, 0, 0, 0, 0, 0, 1, 0, 0, 0, 0, 1, 0, 0, 0, 0, 0, 0, 0, 0, 0, 0, 0, 0, 0, 0, 0, 0, 0, 0, 0], [0, 0, 0, 0, 0, 0, 0, 0, 0, 0, 0, 0, 0, 0, 0, 0, 0, 0, 0, 0, 0, 0, 0, 0, 0, 0, 0, 0, 0, 0, 1, 0, 0, 1, 0, 0, 0, 0, 0, 0, 0, 0, 0, 0, 0, 0, 0, 1, 1, 0, 0, 0, 0, 0, 0, 0, 0, 0, 0, 0, 0, 0, 0, 0, 0, 0, 0, 0, 0, 0, 0, 0], [0, 0, 0, 0, 0, 0, 0, 0, 0, 0, 0, 0, 0, 0, 0, 0, 0, 0, 0, 0, 0, 0, 0, 0, 0, 0, 0, 0, 0, 0, 1, 0, 1, 0, 1, 0, 0, 0, 0, 0, 0, 0, 0, 0, 0, 0, 0, 0, 0, 0, 0, 0, 0, 0, 0, 0, 0, 0, 0, 0, 0, 0, 0, 0, 0, 0, 0, 0, 0, 0, 0, 0], [0, 0, 0, 0, 0, 0, 0, 0, 0, 0, 0, 0, 0, 0, 0, 0, 0, 0, 0, 0, 1, 0, 0, 0, 0, 0, 0, 0, 0, 0, 0, 1, 0, 1, 0, 0, 0, 0, 0, 0, 0, 0, 0, 0, 0, 0, 0, 0, 0, 0, 0, 0, 0, 0, 0, 0, 0, 0, 0, 0, 0, 0, 0, 0, 0, 0, 0, 0, 0, 0, 0, 0], [0, 0, 0, 0, 0, 0, 0, 0, 0, 0, 0, 0, 0, 0, 0, 0, 0, 0, 0, 0, 0, 0, 0, 0, 0, 0, 0, 0, 0, 0, 0, 0, 0, 0, 0, 0, 1, 0, 0, 0, 0, 0, 0, 0, 0, 0, 0, 0, 0, 0, 0, 0, 0, 0, 0, 0, 0, 1, 1, 0, 0, 0, 0, 0, 0, 0, 0, 0, 0, 0, 0, 0], [0, 0, 0, 0, 1, 1, 0, 1, 0, 0, 0, 0, 0, 0, 0, 0, 0, 0, 0, 0, 0, 0, 0, 0, 0, 0, 0, 0, 0, 0, 0, 0, 0, 0, 0, 1, 0, 0, 0, 0, 0, 0, 0, 0, 0, 0, 0, 0, 0, 0, 0, 0, 0, 0, 1, 0, 0, 0, 0, 0, 0, 0, 0, 0, 0, 0, 0, 0, 0, 0, 0, 0], [0, 0, 0, 0, 0, 0, 0, 0, 0, 0, 0, 0, 0, 0, 0, 0, 0, 0, 0, 0, 0, 0, 0, 0, 0, 0, 0, 0, 0, 0, 0, 0, 0, 0, 0, 0, 0, 0, 0, 1, 1, 1, 0, 0, 0, 0, 0, 0, 0, 0, 0, 0, 0, 0, 0, 0, 0, 0, 0, 0, 0, 0, 0, 0, 0, 0, 0, 0, 0, 0, 0, 0], [0, 0, 0, 0, 0, 0, 0, 0, 0, 0, 0, 0, 0, 0, 0, 0, 0, 0, 0, 0, 0, 0, 0, 0, 0, 0, 0, 0, 1, 1, 1, 0, 0, 0, 0, 0, 0, 0, 0, 1, 1, 0, 0, 0, 0, 0, 0, 0, 0, 1, 0, 0, 0, 0, 0, 0, 0, 0, 0, 0, 0, 0, 0, 0, 0, 0, 0, 0, 0, 0, 0, 0], [0, 0, 0, 0, 0, 0, 0, 0, 0, 0, 0, 0, 0, 0, 0, 0, 0, 0, 0, 0, 0, 0, 0, 0, 0, 0, 0, 0, 0, 0, 0, 0, 0, 0, 0, 0, 0, 1, 1, 0, 0, 0, 0, 0, 0, 0, 0, 0, 0, 0, 0, 0, 0, 0, 0, 0, 0, 0, 0, 0, 0, 0, 0, 0, 0, 0, 0, 0, 0, 0, 0, 0], [0, 0, 0, 0, 0, 0, 0, 0, 0, 0, 0, 0, 0, 0, 0, 0, 0, 0, 0, 0, 0, 0, 0, 0, 0, 0, 0, 0, 1, 0, 0, 0, 0, 0, 0, 0, 0, 1, 1, 0, 0, 1, 0, 0, 0, 0, 0, 0, 0, 0, 0, 0, 0, 0, 0, 0, 0, 0, 0, 0, 0, 0, 0, 0, 0, 0, 0, 0, 0, 0, 0, 0], [0, 0, 0, 0, 0, 0, 0, 0, 0, 0, 0, 0, 0, 0, 0, 0, 0, 0, 0, 0, 0, 0, 0, 0, 0, 1, 0, 0, 0, 0, 0, 0, 0, 0, 0, 0, 0, 1, 0, 0, 1, 0, 0, 0, 0, 0, 0, 0, 0, 0, 0, 0, 0, 0, 0, 0, 0, 0, 0, 0, 0, 0, 0, 0, 0, 0, 0, 0, 0, 0, 0, 0], [0, 0, 0, 0, 0, 0, 0, 0, 0, 0, 0, 0, 0, 0, 0, 0, 0, 0, 0, 0, 0, 0, 0, 0, 0, 1, 0, 1, 0, 0, 0, 0, 0, 0, 0, 0, 0, 0, 0, 0, 0, 0, 0, 1, 1, 0, 0, 0, 0, 0, 0, 0, 0, 0, 0, 0, 0, 0, 0, 0, 0, 0, 0, 0, 0, 0, 0, 0, 0, 0, 0, 0], [0, 0, 0, 0, 0, 0, 0, 0, 0, 0, 0, 0, 0, 0, 0, 0, 0, 0, 0, 0, 0, 0, 0, 0, 0, 0, 0, 0, 0, 0, 0, 0, 0, 0, 0, 0, 0, 0, 0, 0, 0, 0, 1, 0, 0, 1, 0, 0, 0, 0, 1, 0, 0, 0, 0, 0, 1, 0, 0, 0, 0, 0, 0, 0, 0, 1, 0, 0, 0, 0, 0, 0], [0, 0, 0, 0, 0, 0, 0, 0, 0, 0, 0, 0, 0, 0, 0, 0, 0, 0, 0, 0, 0, 0, 0, 0, 0, 0, 0, 0, 1, 0, 0, 0, 0, 0, 0, 0, 0, 0, 0, 0, 0, 0, 1, 0, 0, 0, 0, 0, 0, 1, 1, 0, 0, 0, 0, 0, 0, 0, 0, 0, 0, 0, 0, 0, 0, 0, 0, 0, 0, 0, 0, 0], [0, 0, 0, 0, 0, 0, 0, 0, 0, 0, 0, 0, 0, 0, 0, 0, 0, 0, 0, 0, 0, 0, 0, 0, 0, 0, 0, 0, 0, 0, 0, 0, 0, 0, 0, 0, 0, 0, 0, 0, 0, 0, 0, 1, 0, 0, 0, 0, 0, 0, 1, 0, 0, 1, 0, 0, 1, 0, 0, 0, 1, 0, 0, 0, 0, 0, 0, 0, 0, 0, 0, 0], [0, 0, 0, 0, 0, 0, 0, 0, 0, 0, 0, 0, 0, 0, 0, 0, 0, 0, 0, 0, 0, 0, 0, 0, 0, 0, 0, 0, 0, 0, 0, 0, 0, 0, 0, 0, 0, 0, 0, 0, 0, 0, 0, 0, 0, 0, 0, 1, 0, 1, 0, 0, 0, 1, 0, 0, 0, 0, 0, 0, 0, 0, 0, 0, 0, 0, 0, 0, 0, 0, 0, 0], [0, 0, 0, 0, 0, 0, 0, 0, 0, 0, 0, 0, 0, 0, 0, 0, 0, 0, 0, 0, 0, 0, 0, 0, 0, 0, 0, 0, 0, 0, 0, 1, 1, 0, 0, 0, 0, 0, 0, 0, 0, 0, 0, 0, 0, 0, 1, 0, 0, 0, 0, 0, 0, 1, 0, 0, 0, 0, 0, 0, 0, 0, 0, 0, 0, 0, 0, 0, 0, 0, 0, 0], [0, 0, 0, 0, 0, 0, 0, 0, 0, 0, 0, 0, 0, 0, 0, 0, 0, 0, 0, 0, 0, 0, 0, 0, 0, 0, 0, 0, 0, 1, 0, 0, 1, 0, 0, 0, 0, 0, 0, 0, 0, 0, 0, 0, 0, 0, 0, 0, 0, 0, 0, 0, 0, 0, 0, 0, 0, 0, 0, 0, 0, 0, 0, 0, 0, 0, 0, 0, 0, 0, 0, 0], [0, 0, 0, 0, 0, 0, 0, 0, 0, 0, 0, 0, 0, 0, 0, 0, 0, 0, 0, 0, 0, 0, 0, 0, 0, 0, 0, 0, 1, 0, 0, 0, 0, 0, 0, 0, 0, 0, 1, 0, 0, 0, 0, 0, 1, 0, 1, 0, 0, 0, 0, 0, 0, 0, 0, 0, 0, 0, 0, 0, 0, 0, 0, 0, 0, 0, 0, 0, 0, 0, 0, 0], [0, 0, 0, 0, 0, 0, 0, 0, 0, 0, 0, 0, 0, 0, 0, 0, 0, 0, 0, 0, 0, 0, 0, 0, 0, 0, 0, 0, 0, 0, 0, 0, 0, 0, 0, 0, 0, 0, 0, 0, 0, 0, 0, 1, 1, 1, 0, 0, 0, 0, 0, 0, 0, 0, 0, 0, 0, 0, 0, 0, 0, 0, 0, 0, 0, 0, 0, 0, 0, 0, 0, 0], [0, 0, 0, 0, 0, 0, 0, 0, 0, 1, 0, 0, 0, 0, 0, 0, 0, 1, 0, 0, 0, 0, 1, 0, 0, 0, 0, 0, 0, 0, 0, 0, 0, 0, 0, 0, 0, 0, 0, 0, 0, 0, 0, 0, 0, 0, 0, 0, 0, 0, 0, 0, 1, 0, 0, 0, 0, 0, 0, 0, 0, 1, 0, 0, 0, 0, 0, 0, 0, 0, 0, 0], [0, 0, 0, 0, 0, 0, 0, 0, 0, 0, 0, 0, 0, 0, 0, 0, 0, 0, 0, 0, 0, 0, 1, 0, 0, 0, 0, 0, 0, 0, 0, 1, 0, 0, 0, 0, 0, 0, 0, 0, 0, 0, 0, 0, 0, 0, 0, 0, 0, 0, 0, 1, 0, 0, 0, 0, 0, 0, 0, 0, 0, 0, 1, 0, 0, 0, 0, 0, 0, 0, 0, 0], [0, 0, 0, 0, 0, 0, 0, 0, 0, 0, 0, 0, 0, 0, 0, 0, 0, 0, 0, 0, 0, 0, 0, 0, 0, 0, 0, 0, 0, 0, 0, 0, 0, 0, 0, 0, 0, 0, 0, 0, 0, 0, 0, 0, 0, 1, 1, 1, 0, 0, 0, 0, 0, 0, 0, 0, 0, 0, 0, 0, 1, 0, 0, 0, 0, 0, 0, 0, 0, 0, 0, 0], [0, 0, 0, 0, 0, 0, 0, 0, 0, 0, 0, 0, 0, 0, 0, 0, 0, 0, 0, 0, 0, 0, 0, 0, 1, 0, 0, 0, 0, 0, 0, 0, 0, 0, 0, 0, 1, 0, 0, 0, 0, 0, 0, 0, 0, 0, 0, 0, 0, 0, 0, 0, 0, 0, 0, 0, 0, 0, 1, 0, 0, 0, 0, 0, 0, 0, 0, 1, 1, 0, 0, 0], [0, 0, 0, 0, 0, 0, 0, 0, 0, 0, 0, 0, 0, 0, 0, 0, 0, 0, 0, 0, 0, 0, 0, 0, 0, 0, 0, 0, 0, 0, 0, 0, 0, 0, 0, 0, 0, 0, 0, 0, 0, 0, 0, 0, 0, 0, 0, 0, 0, 0, 0, 0, 0, 0, 0, 0, 1, 1, 1, 0, 0, 0, 0, 0, 0, 0, 0, 0, 0, 0, 0, 0], [0, 0, 0, 0, 0, 0, 0, 0, 0, 0, 0, 0, 0, 0, 0, 0, 0, 0, 0, 0, 0, 0, 0, 0, 0, 0, 0, 0, 0, 0, 0, 0, 0, 0, 0, 0, 0, 0, 0, 0, 0, 0, 0, 1, 0, 1, 0, 0, 0, 0, 0, 0, 0, 0, 0, 1, 0, 1, 0, 0, 1, 0, 0, 0, 0, 0, 0, 0, 0, 0, 0, 0], [0, 0, 0, 0, 0, 0, 0, 0, 0, 0, 0, 0, 0, 0, 0, 0, 0, 0, 0, 1, 0, 0, 0, 0, 0, 0, 0, 0, 0, 0, 0, 0, 0, 0, 0, 1, 0, 0, 0, 0, 0, 0, 0, 0, 0, 0, 0, 0, 0, 0, 0, 0, 0, 0, 0, 1, 1, 0, 0, 0, 0, 0, 0, 0, 0, 0, 0, 0, 0, 0, 0, 0], [0, 0, 0, 0, 0, 0, 0, 0, 0, 0, 0, 0, 0, 0, 0, 0, 0, 0, 0, 0, 0, 0, 0, 0, 0, 0, 0, 0, 0, 0, 0, 0, 0, 0, 0, 1, 0, 0, 0, 0, 0, 0, 0, 0, 0, 0, 0, 0, 0, 0, 0, 0, 0, 0, 1, 1, 0, 0, 0, 0, 0, 0, 0, 0, 0, 1, 0, 1, 0, 0, 0, 0], [0, 0, 0, 0, 0, 0, 0, 0, 0, 0, 0, 0, 0, 0, 0, 0, 0, 0, 0, 0, 0, 0, 0, 0, 0, 0, 0, 0, 0, 0, 0, 0, 0, 0, 0, 0, 0, 0, 0, 0, 0, 0, 0, 0, 0, 0, 0, 0, 0, 0, 0, 0, 0, 0, 0, 0, 0, 0, 0, 0, 1, 1, 1, 0, 0, 0, 0, 0, 0, 0, 0, 0], [0, 0, 0, 0, 0, 0, 0, 0, 0, 0, 0, 0, 0, 0, 0, 0, 0, 0, 0, 0, 0, 0, 0, 0, 0, 0, 0, 0, 0, 0, 0, 0, 0, 0, 0, 0, 0, 0, 0, 0, 0, 0, 0, 0, 0, 1, 0, 0, 0, 0, 0, 0, 0, 1, 0, 0, 1, 0, 0, 1, 0, 1, 0, 0, 0, 0, 0, 0, 0, 0, 0, 0], [0, 0, 0, 0, 0, 0, 0, 0, 0, 0, 0, 0, 0, 0, 0, 0, 0, 0, 1, 0, 0, 0, 0, 0, 0, 0, 0, 0, 0, 0, 0, 0, 0, 0, 0, 0, 0, 0, 0, 0, 0, 0, 0, 0, 0, 0, 0, 0, 0, 0, 0, 1, 0, 0, 0, 0, 0, 0, 0, 1, 1, 0, 1, 0, 0, 0, 0, 0, 0, 0, 0, 0], [0, 0, 0, 0, 0, 0, 0, 0, 0, 0, 0, 0, 0, 0, 0, 0, 0, 0, 0, 0, 0, 0, 0, 0, 0, 0, 0, 0, 0, 0, 0, 0, 0, 0, 0, 0, 0, 0, 0, 0, 0, 0, 0, 0, 0, 0, 0, 0, 0, 0, 0, 0, 1, 0, 0, 0, 0, 0, 0, 1, 0, 1, 0, 0, 0, 0, 0, 0, 0, 0, 0, 0], [0, 0, 0, 0, 0, 0, 0, 0, 0, 0, 0, 0, 0, 0, 0, 0, 0, 0, 0, 0, 0, 0, 0, 0, 0, 0, 0, 0, 0, 0, 0, 0, 0, 0, 0, 0, 0, 0, 0, 0, 0, 0, 0, 0, 0, 0, 0, 0, 0, 0, 0, 0, 0, 0, 0, 0, 0, 0, 0, 0, 0, 0, 0, 0, 1, 1, 0, 1, 0, 1, 0, 0], [0, 0, 0, 0, 0, 0, 0, 0, 0, 0, 0, 0, 0, 0, 0, 0, 0, 0, 0, 0, 0, 0, 0, 1, 0, 0, 0, 0, 0, 0, 0, 0, 0, 0, 0, 0, 0, 0, 0, 0, 0, 0, 0, 0, 0, 0, 0, 0, 0, 0, 0, 0, 0, 0, 0, 0, 0, 0, 0, 0, 0, 0, 0, 1, 0, 0, 0, 0, 0, 1, 1, 0], [0, 0, 0, 0, 0, 0, 0, 0, 0, 0, 0, 0, 0, 0, 0, 0, 0, 0, 0, 0, 0, 0, 0, 1, 0, 0, 0, 0, 0, 0, 0, 0, 0, 0, 0, 0, 0, 0, 0, 0, 0, 0, 0, 1, 0, 0, 0, 0, 0, 0, 0, 0, 0, 0, 0, 0, 0, 0, 1, 0, 0, 0, 0, 1, 0, 0, 0, 1, 0, 0, 0, 0], [0, 0, 0, 0, 0, 0, 0, 0, 0, 0, 0, 0, 0, 0, 0, 0, 0, 0, 0, 0, 0, 0, 0, 0, 0, 0, 0, 0, 0, 0, 0, 0, 0, 0, 0, 0, 0, 0, 0, 0, 0, 0, 0, 0, 0, 0, 0, 0, 0, 0, 0, 0, 0, 0, 0, 0, 0, 0, 0, 0, 0, 0, 0, 0, 0, 0, 0, 0, 1, 1, 0, 1], [0, 0, 0, 0, 0, 0, 0, 0, 0, 0, 0, 0, 0, 0, 0, 0, 0, 0, 0, 0, 0, 0, 0, 0, 0, 0, 0, 0, 0, 0, 0, 0, 0, 0, 0, 0, 0, 0, 0, 0, 0, 0, 0, 0, 0, 0, 0, 0, 0, 0, 0, 0, 0, 0, 1, 0, 0, 0, 1, 0, 0, 0, 0, 1, 0, 1, 0, 0, 0, 0, 0, 0], [0, 0, 0, 0, 0, 0, 0, 0, 0, 0, 0, 0, 0, 0, 0, 0, 0, 0, 0, 0, 0, 0, 0, 0, 0, 0, 0, 0, 0, 0, 0, 0, 0, 0, 0, 0, 0, 0, 0, 0, 0, 0, 0, 0, 0, 0, 0, 0, 0, 0, 0, 0, 0, 0, 1, 0, 0, 0, 0, 0, 0, 0, 0, 0, 0, 0, 1, 0, 0, 0, 0, 0], [0, 0, 0, 0, 0, 0, 0, 0, 0, 0, 0, 0, 0, 0, 0, 0, 0, 0, 0, 0, 0, 0, 0, 0, 0, 0, 0, 0, 0, 0, 0, 0, 0, 0, 0, 0, 0, 0, 0, 0, 0, 0, 0, 0, 0, 0, 0, 0, 0, 0, 0, 0, 0, 0, 0, 0, 0, 0, 0, 0, 0, 0, 0, 1, 1, 0, 1, 0, 0, 0, 1, 0], [0, 0, 0, 0, 0, 0, 0, 0, 0, 0, 0, 0, 0, 0, 0, 0, 0, 0, 0, 0, 0, 0, 0, 0, 0, 0, 0, 0, 0, 0, 0, 0, 0, 0, 0, 0, 0, 0, 0, 0, 0, 0, 0, 0, 0, 0, 0, 0, 0, 0, 0, 0, 0, 0, 0, 0, 0, 0, 0, 0, 0, 0, 0, 0, 1, 0, 0, 0, 0, 1, 0, 1], [0, 0, 0, 0, 0, 0, 0, 0, 0, 0, 0, 0, 0, 0, 0, 0, 0, 0, 0, 0, 0, 0, 0, 0, 0, 0, 0, 0, 0, 0, 0, 0, 0, 0, 0, 0, 0, 0, 0, 0, 0, 0, 0, 0, 0, 0, 0, 0, 0, 0, 0, 0, 0, 0, 0, 0, 0, 0, 0, 0, 0, 0, 0, 0, 0, 0, 1, 0, 0, 0, 1, 0]]
[203, 308, 341, 94, 115, 160, 488, 219, 62, 417, 382, 121, 90, 389, 82, 93, 346, 353, 472, 85, 290, 200, 452, 326, 240, 197, 477, 265, 406, 394, 377, 414, 140, 343, 284, 108, 235, 298, 283, 242, 459, 189, 233, 458, 484, 452, 70, 394, 499, 245, 173, 494, 498, 153, 498, 196, 94, 126, 405, 252, 357, 265, 241, 461, 222, 294, 74, 173, 152, 462, 372, 407]
0.03
[[0.0, 0.9018850982327239, 0.37309467610867575, 1.095458738798148, 8.38027344673318, 7.416201560788056, 8.004940456230157, 5.991585721495058, 4.156166819996652, 2.777636230406414, 4.048503658660057, 3.88510105840928, 6.141467832204258, 6.110434250628282, 5.1715359319201415, 7.044911987465926, 7.305217798212882, 3.097122607462113, 4.540926481856355, 5.684703080176714, 2.6582232506699834, 1.87763476112684, 1.5340644193708675, 10.348888451853119, 9.06067995376055, 9.066417738680641, 9.844563128234446, 8.230636077864835, 7.754343089926975, 6.929403949802237, 7.23593507200651, 3.6125497489344705, 5.640555703842748, 5.256337659146424, 4.023516316067698, 6.949720545886866, 7.529478719946573, 8.962591527278216, 7.720937794924462, 9.1004413972019, 8.419070299501405, 9.329151834252375, 8.21444638927909, 7.585259393802024, 7.248397095796904, 6.208370502412444, 5.801563904076081, 4.709197208350139, 6.0753021006958665, 6.610378599809315, 6.90138602869799, 2.365917592579173, 3.3472671324407535, 5.286510777877095, 9.039280888230431, 6.944920235601356, 6.511473172162045, 6.168763175830094, 7.725944862073332, 4.182790505022852, 4.919513878060123, 4.122479303694546, 3.823391629549168, 9.463890255634269, 10.237923781570379, 8.583364803774442, 10.546499554352547, 8.905166228388302, 10.27948099827241, 10.312794441325824, 11.437335975098323, 11.752697025681252], [0.9018850982327239, 0.0, 1.1934206264026181, 1.9675125967023628, 7.60733167108426, 6.592253558577081, 7.1371007138623, 5.258238511018935, 3.258177241996938, 1.8793385866449281, 3.245980738556829, 3.0162896774507906, 5.259118151995214, 5.290674021324221, 4.289852314515718, 6.170814540760881, 6.407584486499563, 2.376519199876909, 3.858370094118836, 5.0529079801619625, 3.138969797125967, 2.598150411854479, 1.4537989827106501, 9.996120590739533, 8.354409761315967, 8.880077806067618, 9.613817051641965, 8.120505642562536, 7.7173551973519245, 7.11227519875029, 7.5403420390007225, 3.820590589832004, 5.877829920711153, 5.62273484852965, 4.462068757919847, 6.297276124504294, 6.812995422376403, 9.011464841561512, 7.870034846813174, 9.278541107095132, 8.448022669689482, 9.248741455750872, 8.005388251671153, 7.267004118460985, 7.114898180484337, 5.890586910437483, 5.761640087562515, 4.824701443327539, 6.230355891257067, 6.603251052642907, 6.7080969192913615, 1.8274860394154395, 3.274905148717423, 5.140076972356428, 8.40755222035345, 6.419694127114052, 6.052776002832958, 5.591246293925316, 7.168951438665957, 3.844811599923435, 4.565078487334385, 3.614349196280803, 3.5725194712657946, 8.987170723847761, 9.810915671590088, 8.195773513250108, 9.98819274355622, 8.373478538553142, 9.668051901648596, 9.815116675302543, 10.958102605421281, 11.22432346470185], [0.37309467610867575, 1.1934206264026181, 0.0, 0.7758424273029753, 8.485160311442888, 7.563639012041087, 8.195683032638994, 6.076918766132226, 4.404233002725085, 3.0322973550249923, 4.193286552898306, 4.088870215283562, 6.354765640098288, 6.257883459372415, 5.386172669118285, 7.2450487143318725, 7.546974657877023, 3.2010588413932024, 4.6048427683708955, 5.711890443797109, 2.3116418529926124, 1.504598039317816, 1.4292819651222388, 10.226299124044676, 9.119134325594157, 8.881292719498335, 9.67426851632765, 8.0204787695851, 7.52088668024464, 6.632904991998556, 6.909045784991389, 3.3266461612986715, 5.3338706223471455, 4.92056587442406, 3.6773135511215505, 6.982202618407422, 7.598273185764202, 8.699308549288123, 7.431597562989321, 8.800846878975928, 8.162968560826997, 9.106182004635912, 8.040070731629013, 7.4558755602222675, 7.049629007041516, 6.08511342166504, 5.576922724348558, 4.441531489354347, 5.789096748282441, 6.371121340486336, 6.725835301748073, 2.3985150742101866, 3.1587718054883713, 5.102659106553655, 9.053715421647235, 6.910666333276111, 6.447765798205241, 6.164490706648944, 7.704456094061274, 4.085244124305713, 4.820866632985279, 4.1012383368332666, 3.6952404966631507, 9.398249265298366, 10.14777163738425, 8.479887600570954, 10.51854830334588, 8.867428211949536, 10.280098142731271, 10.255255647243771, 11.369011603862642, 11.707646936181412], [1.095458738798148, 1.9675125967023628, 0.7758424273029753, 0.0, 9.13229318276683, 8.25754977300353, 8.926259667872621, 6.709111140817446, 5.172086061168609, 3.8038447973195053, 4.8960253025214255, 4.835752284507215, 7.103184128652506, 6.954852642947641, 6.136737887580068, 7.983646143190849, 8.309976866621739, 3.874687687519893, 5.2209076502639205, 6.272245273727469, 2.0502957622000864, 0.993708772292337, 1.9227377219651134, 10.509089340567822, 9.70734541899473, 9.03331321144232, 9.856811143683913, 8.116611209249404, 7.559832809650622, 6.487741351937898, 6.645934106864858, 3.2761877201866545, 5.166050833897155, 4.637659579244058, 3.363873498411547, 7.542595923606205, 8.204329505198206, 8.64650981930815, 7.304563043933921, 8.63082475331841, 8.134340770047743, 9.163416706368894, 8.221745446753388, 7.738501887442294, 7.180896766772471, 6.391244101446999, 5.658166707374045, 4.419719165721282, 5.687356833566233, 6.404088896425246, 6.914497065015335, 3.01301735149241, 3.3821672310075805, 5.290862320979945, 9.580250875378393, 7.370880196269286, 6.861577929438424, 6.676519930751886, 8.180931410366036, 4.4678856410865775, 5.189237369031754, 4.609016108451911, 4.029109382931851, 9.792768610127059, 10.494485546512147, 8.808048871588994, 10.974274095754527, 9.312272014879927, 10.782187452777368, 10.661210089609238, 11.75247320521485, 12.131453797386696], [8.38027344673318, 7.60733167108426, 8.485160311442888, 9.13229318276683, 0.0, 1.3480597236564091, 2.1008712476764284, 2.4301844793320972, 4.919626452176646, 5.984588959061728, 4.365303490856402, 4.758406191351039, 3.200614722342843, 2.4136283571796997, 3.8338279864758618, 2.528323451876392, 3.4489555051391476, 5.286839029336369, 3.9244341702811902, 3.103940129563171, 8.564364206388735, 9.079359566943225, 7.237927280987735, 5.975847356508784, 1.295874441801412, 6.830018978982769, 6.850792100948178, 7.0830841280014925, 7.461644339565805, 8.719014251566065, 9.763495189989431, 7.725941815056769, 8.486895008437708, 9.099710498869197, 8.924202817703067, 2.1079010843579016, 1.1774717205663063, 8.795962276686925, 8.885299904500867, 9.9478098439516, 8.321589348793209, 7.9105268648343765, 6.235551952884969, 5.0859335383027116, 6.508216333901572, 4.962211148555216, 6.797278398847918, 7.485038357072607, 8.14141390906763, 7.236499929951808, 5.952152647580848, 6.119658110878108, 6.63896350961302, 6.0892282098708606, 2.231632491217033, 3.235333135769425, 3.8743038701949453, 3.1103268491080627, 2.841983754719271, 5.362814907266374, 4.9924634268725665, 4.764700474620963, 5.85178722734565, 4.202380506146553, 5.15734848517419, 4.738042789796788, 3.9742943044159373, 3.3539989197723066, 3.213185840923496, 4.4648193660966875, 5.441043318316151, 5.192301978299016], [7.416201560788056, 6.592253558577081, 7.563639012041087, 8.25754977300353, 1.3480597236564091, 0.0, 1.184236090419619, 1.8731732697998, 3.68588716377939, 4.858751346319376, 3.370908431217248, 3.627348396457144, 1.8578553608078405, 1.3061756111245066, 2.5641614247562425, 1.2185351222946503, 2.219903620665226, 4.385109308613858, 3.222601234055387, 2.812519491023621, 7.955120069887995, 8.327435622828787, 6.4257137114736365, 6.945720330383573, 2.5996601022129098, 7.468361876219317, 7.6306454669560795, 7.538629350240612, 7.793669655483407, 8.794315125012822, 9.791965643524714, 7.294641320573291, 8.36101280288843, 8.863837419269604, 8.504051472164369, 2.3540956873824777, 1.6602086312746298, 9.21264544556346, 9.080651638827067, 10.264110509597673, 8.692694346322206, 8.483905281080148, 6.765189000211206, 5.570552613004203, 6.819224773213018, 5.105843373960574, 6.799971513536864, 7.253099370648597, 8.115394252243668, 7.371222940315524, 6.226626094706159, 5.285162566954924, 6.148156615142009, 6.003330238201019, 3.3875199002764877, 3.5959111261468215, 4.096425429843061, 3.113590223987842, 3.502023777002221, 4.968970431972583, 4.776444964653175, 4.232482527655034, 5.413589195404197, 5.207226095843441, 6.202613802742664, 5.486427150316302, 5.2135624158524685, 4.328198767922688, 4.49663417898629, 5.606303281734823, 6.651154056365983, 6.469448655814884], [8.004940456230157, 7.1371007138623, 8.195683032638994, 8.926259667872621, 2.1008712476764284, 1.184236090419619, 0.0, 2.9678626571182503, 3.98238954764462, 5.300567995947447, 4.060097118752268, 4.121556810664074, 1.9219988993456567, 2.126816753603189, 2.8660235416981856, 0.9816420345119174, 1.4676870701635942, 5.116918348829507, 4.161540178498009, 3.9396529417611763, 8.83787697995053, 9.103078012413867, 7.180691523204385, 8.010146759520952, 3.3832590192068337, 8.633915823017619, 8.766606887316708, 8.721734612461457, 8.976642639139856, 9.945892130825678, 10.93101536356137, 8.285536009017221, 9.464334124855613, 9.92701346846149, 9.489287078589902, 3.5348479671192456, 2.7868197593706587, 10.39688047800095, 10.250832630292903, 11.444774304892237, 9.876493674766454, 9.65946395276766, 7.942865890151057, 6.74988828461013, 8.00204342578167, 6.28013173565989, 7.944275800858694, 8.328432705296333, 9.247181919047376, 8.536761175157288, 7.4083659446149595, 6.047677756265368, 7.123552159412687, 7.132320058879649, 4.323357047177006, 4.777707688022318, 5.2793993847362435, 4.286497357264531, 4.6449756975242815, 6.009411634521625, 5.88302332946377, 5.22654580180272, 6.426633094097766, 6.248116576313021, 7.22467392897169, 6.623647623941704, 6.0703917933551415, 5.378915366861041, 5.293391976555817, 6.560332350991427, 7.540584078061467, 7.267592606922973], [5.991585721495058, 5.258238511018935, 6.076918766132226, 6.709111140817446, 2.4301844793320972, 1.8731732697998, 2.9678626571182503, 0.0, 3.0524022003990328, 3.8009393507853715, 2.088942621415188, 2.6577680555618057, 2.315836956198506, 1.081308977843349, 2.273092182910268, 2.457584425118079, 3.438667585076268, 2.89636454676716, 1.4942872827037383, 0.9836998464792345, 6.176385374703332, 6.6523811263069, 4.808847967814887, 6.118188909267301, 3.1045765038078494, 6.1401239413652045, 6.476277946276379, 6.016126691944752, 6.15979539352277, 6.993409957438044, 7.967189670176481, 5.440855889417836, 6.500271736135658, 6.990884373385552, 6.650328364496278, 1.3167825080781281, 1.560493251595298, 7.621589674886047, 7.337029233151525, 8.584380801001787, 7.073028438470383, 7.053984828802799, 5.342134619210739, 4.159123552340601, 5.191807223419242, 3.411569378318857, 4.986701037893989, 5.381307768550528, 6.280931483742939, 5.614008761693424, 4.5882063720806405, 3.6963959769113144, 4.308110470605141, 4.166164513331281, 3.3296688686944558, 2.261559098001787, 2.538381806059619, 1.4798278395448385, 2.5831665196823694, 3.100150574636255, 2.916358657032419, 2.3959391314054455, 3.554787266160748, 4.568424953453231, 5.5597435199884995, 4.408377486752404, 5.112761910324666, 3.741451833134857, 4.612607377296798, 5.213774273142869, 6.365287265513814, 6.41321550255697], [4.156166819996652, 3.258177241996938, 4.404233002725085, 5.172086061168609, 4.919626452176646, 3.68588716377939, 3.98238954764462, 3.0524022003990328, 0.0, 1.3788654843551753, 1.3835858630120779, 0.6832717020555922, 2.062134477255914, 2.5164010141684745, 1.1372751822293103, 3.000835381570093, 3.1494128914822053, 1.9763391959505616, 2.4419841657248087, 3.4768482360905653, 5.634599132372303, 5.565397098519116, 3.7176155545675535, 9.015809969625096, 5.9539602060286185, 8.624847971706116, 9.133069607983368, 8.214328565071085, 8.109710741283887, 8.286144428055172, 9.0449913605136, 5.5891002424711385, 7.356703636624225, 7.489294787261314, 6.655759263084739, 4.361751269776486, 4.479463735647738, 9.580020055441153, 8.864688121491069, 10.258731248071197, 8.99502402175296, 9.348591966490892, 7.74982684673338, 6.680303080784299, 7.240683209878719, 5.528656557617461, 6.414163015771263, 6.128320281996955, 7.421598672782626, 7.231808416959518, 6.6749005389352165, 2.7646855916874866, 4.5063710369745085, 5.565197320418861, 6.354448186314738, 5.082168680686866, 5.0776407574374725, 4.1620877993085, 5.579479990543406, 4.005802096217465, 4.397088562285464, 3.2107038651354505, 4.150426929554676, 7.573723411258461, 8.544466686195202, 7.223242171180969, 8.161406592933655, 6.773910915800687, 7.627989710856406, 8.255705830834051, 9.41182709949899, 9.463068346956865], [2.777636230406414, 1.8793385866449281, 3.0322973550249923, 3.8038447973195053, 5.984588959061728, 4.858751346319376, 5.300567995947447, 3.8009393507853715, 1.3788654843551753, 0.0, 1.7187929747369026, 1.2329934787060435, 3.3997323953719314, 3.589248225006838, 2.436313926207902, 4.324904451244158, 4.528276297147828, 1.4258727820610473, 2.6677311179390686, 3.8911875291518907, 4.456129605952168, 4.255699140355385, 2.5012214663256054, 9.298615002429743, 6.879837768851907, 8.57761471466176, 9.193284378880296, 8.008172075821978, 7.774812900576494, 7.637252036031963, 8.280425761846866, 4.642829828608518, 6.570560175305902, 6.562985728519533, 5.597780293149996, 5.011104308510567, 5.345729443686313, 9.197525116570263, 8.297294854791334, 9.717302384533532, 8.612256232797755, 9.159666613862466, 7.685839570415804, 6.738769475795949, 6.99862751994222, 5.445436690371639, 5.925608678520797, 5.372131071561387, 6.747287450561166, 6.778010340808534, 6.485849991736874, 1.7918218749611197, 3.690276988087788, 5.136937379893487, 7.109214067934287, 5.448113036428321, 5.264794669095744, 4.536155070327427, 6.086410576307942, 3.587995567549582, 4.162426852758209, 2.9739437088933043, 3.5638419725815274, 8.036206569346179, 8.952408307323735, 7.472351155086319, 8.829041939934566, 7.311919173776409, 8.39290978814625, 8.797105969849111, 9.960183204537596, 10.112646451760053], [4.048503658660057, 3.245980738556829, 4.193286552898306, 4.8960253025214255, 4.365303490856402, 3.370908431217248, 4.060097118752268, 2.088942621415188, 1.3835858630120779, 1.7187929747369026, 0.0, 0.7376941447881348, 2.3793267713644086, 2.064829972263981, 1.5292253207803352, 3.1589720619112285, 3.712514205080681, 1.0590834733142873, 1.079797223223089, 2.2268350619477846, 4.852176759566003, 5.044277700770871, 3.121161588873721, 7.736249266569537, 5.184647963465955, 7.251831215517197, 7.780649724704547, 6.83077247943516, 6.734631651231333, 6.995494315041647, 7.805316109401708, 4.53750176850158, 6.14639586342091, 6.376697647679092, 5.685202065786498, 3.295999182483348, 3.6435957948519047, 8.208698903779277, 7.539618629421759, 8.920303244101092, 7.6248217428114025, 7.965234328676957, 6.373377501981206, 5.320953141591936, 5.8587103053168335, 4.146700748827463, 5.079719559833245, 4.919493535701449, 6.149820171121896, 5.8819813486987425, 5.291463675114315, 1.9936934540077962, 3.3908043008782034, 4.221310573085813, 5.3904708664199426, 3.8233878888114172, 3.743868774572629, 2.898599347942355, 4.408332074529501, 2.6868748793203774, 3.023692087813941, 1.8587585863356524, 2.9027888341786574, 6.3825004694849605, 7.3246586540183864, 5.923867315921005, 7.119711653734261, 5.629301657399793, 6.6742548198036245, 7.117703480925694, 8.281046034762127, 8.408165547993981], [3.88510105840928, 3.0162896774507906, 4.088870215283562, 4.835752284507215, 4.758406191351039, 3.627348396457144, 4.121556810664074, 2.6577680555618057, 0.6832717020555922, 1.2329934787060435, 0.7376941447881348, 0.0, 2.267433168870969, 2.3570843805726756, 1.302633934961624, 3.1599640735196726, 3.5091612820359295, 1.3383554498417618, 1.8170521820357028, 2.932528037672665, 5.096410582297799, 5.127663140518105, 3.230226017270545, 8.460253831723412, 5.6896912693050865, 7.9870423335404235, 8.51831291148263, 7.551174882327473, 7.433524621518235, 7.6064615561084095, 8.37444495583982, 4.962093786685891, 6.69143142284864, 6.849028380063584, 6.05696533953594, 3.928666105875777, 4.169896384570085, 8.901669105239542, 8.181738225355835, 9.575459642451936, 8.316295947733273, 8.689270493263276, 7.107146972730518, 6.0586096320831295, 6.571780386292754, 4.875879451125362, 5.730892626128658, 5.462088725156701, 6.744415041624527, 6.549132794298557, 6.010946446383138, 2.195469219070216, 3.8580831484833857, 4.882287852213652, 5.9873655905560526, 4.53749262665651, 4.478871164635724, 3.6121212594927297, 5.091032750906757, 3.322575789274215, 3.721546785457705, 2.529990397148589, 3.473989408390871, 7.0764170797231865, 8.02966567623547, 6.65234674956612, 7.7549682730883545, 6.304183680889609, 7.2703566896242675, 7.792280736533276, 8.954092694761691, 9.0508347608374], [6.141467832204258, 5.259118151995214, 6.354765640098288, 7.103184128652506, 3.200614722342843, 1.8578553608078405, 1.9219988993456567, 2.315836956198506, 2.062134477255914, 3.3997323953719314, 2.3793267713644086, 2.267433168870969, 0.0, 1.2567560120208148, 0.9699321249357078, 0.9407202109264893, 1.3485463886266362, 3.419445034057731, 2.857285299886287, 3.205402637914874, 7.230132580839039, 7.366043169366943, 5.449254065645807, 8.331213941117236, 4.410096135611355, 8.455860433776843, 8.779788243329504, 8.302307706784575, 8.392446510814613, 9.017714808979239, 9.918244711640037, 6.871839571677507, 8.326559996385557, 8.654365728724848, 8.041712514231131, 3.4758384968200695, 3.1728582462787296, 9.86889813343417, 9.453747060705235, 10.761429766640074, 9.307180400327454, 9.358929537951989, 7.6527281617390575, 6.473715606070523, 7.438311097216071, 5.643205086220372, 7.02188458083894, 7.123566088678649, 8.22931622905585, 7.735786376957353, 6.8356731858616495, 4.350148398520301, 5.708812453792226, 6.161761008739812, 5.069408616644051, 4.565942423316973, 4.8445769720392065, 3.7880302079328088, 4.771548917835808, 4.790011712256995, 4.878776041886614, 3.9412460528124904, 5.119050987102549, 6.682530705380505, 7.6894054948400745, 6.685321321701022, 6.923414978873173, 5.812727722000763, 6.261163903954478, 7.208275147685642, 8.310432134571531, 8.208485151931024], [6.110434250628282, 5.290674021324221, 6.257883459372415, 6.954852642947641, 2.4136283571796997, 1.3061756111245066, 2.126816753603189, 1.081308977843349, 2.5164010141684745, 3.589248225006838, 2.064829972263981, 2.3570843805726756, 1.2567560120208148, 0.0, 1.4863384667342918, 1.4320980045527385, 2.3680446780282445, 3.0862727073639773, 2.0352032593792835, 2.0287826844820405, 6.726764444632524, 7.0480981260259705, 5.1372378297440955, 7.086372191606048, 3.4517276822065828, 7.2126978863468345, 7.524167015057438, 7.0967170089310425, 7.228435629072773, 7.987533419489715, 8.933876580835056, 6.160856936209838, 7.409034151567118, 7.830001542816457, 7.363339079275335, 2.227416921425823, 2.0437295418107246, 8.694983090495827, 8.367678636553647, 9.63754388388506, 8.14269085423285, 8.13465075084642, 6.421348500069149, 5.235436275691475, 6.263614603493131, 4.476309379888898, 5.978858648148978, 6.2457651328369925, 7.241477924122124, 6.643347552112344, 5.659733387499882, 3.996324880764771, 4.997585503628384, 5.136690025017383, 3.9588217785986943, 3.3121030737888986, 3.619496533766688, 2.561026709859126, 3.525796834077832, 3.909918049888415, 3.8594428333309296, 3.1080156563103647, 4.3107868115611785, 5.461301275970177, 6.466126752450998, 5.428896584300176, 5.806506292869283, 4.6004662410579, 5.2009504337435635, 6.026779929718034, 7.150526697824571, 7.104981593774034], [5.1715359319201415, 4.289852314515718, 5.386172669118285, 6.136737887580068, 3.8338279864758618, 2.5641614247562425, 2.8660235416981856, 2.273092182910268, 1.1372751822293103, 2.436313926207902, 1.5292253207803352, 1.302633934961624, 0.9699321249357078, 1.4863384667342918, 0.0, 1.8886727205972624, 2.223609568592734, 2.5186352415814897, 2.2611555645601915, 2.9556751031474375, 6.333700916574333, 6.420928227546965, 4.512069387976387, 8.386625959910438, 4.931744572834249, 8.256225206689232, 8.671219943807365, 7.9822201049656325, 7.9862947274831475, 8.428240309194814, 9.277927189973418, 6.066711862675862, 7.640929905153611, 7.900028298954016, 7.210530365947846, 3.575058347522481, 3.522921001622276, 9.469583504545648, 8.924564876227928, 10.274779808168537, 8.89445370139103, 9.081571759591705, 7.4126251034191215, 6.27323245056332, 7.061434133611445, 5.28028917908047, 6.466275181882778, 6.41962840137416, 7.604737663953645, 7.229715164435134, 6.4688107305205245, 3.4353403239967752, 4.91865843802896, 5.600265822367861, 5.433479275252232, 4.489005306702004, 4.63010402144179, 3.6155834558591287, 4.855625429540304, 4.1308285816675046, 4.3410636400246405, 3.2779601157508504, 4.399425435697258, 6.835544257046452, 7.830532300250712, 6.651795831520085, 7.273645296315424, 5.996073220014683, 6.6840192094868085, 7.451525163235108, 8.590089482264023, 8.574784479655705], [7.044911987465926, 6.170814540760881, 7.2450487143318725, 7.983646143190849, 2.528323451876392, 1.2185351222946503, 0.9816420345119174, 2.457584425118079, 3.000835381570093, 4.324904451244158, 3.1589720619112285, 3.1599640735196726, 0.9407202109264893, 1.4320980045527385, 1.8886727205972624, 0.0, 1.0480457681531214, 4.2175594005101305, 3.410042079426202, 3.435157211165284, 7.9893872772665535, 8.197814080035203, 6.274672179236928, 8.100615815701381, 3.8066876964877263, 8.47065467673557, 8.70189132035917, 8.437493463372288, 8.61211876066403, 9.418129448999109, 10.365910755948128, 7.522960136994198, 8.834478397859447, 9.235178722096428, 8.714971628341647, 3.351901341998074, 2.8133955506207586, 10.067076997931116, 9.787904505789315, 11.041964342866882, 9.523902915443509, 9.440055153135305, 7.7181549681205155, 6.521614870059721, 7.641434138814884, 5.86786751794387, 7.409195314053228, 7.662234182121999, 8.673440155291782, 8.063707760239136, 7.0387384348933395, 5.152560021336056, 6.355411903979449, 6.56859061240699, 4.603120563587745, 4.552312291257627, 4.951815531132562, 3.9057012715756394, 4.592366213855499, 5.320919401523046, 5.291474875874707, 4.500262822893699, 5.702083921681231, 6.383723929518204, 7.385415826025254, 6.5668246104146855, 6.432090085792844, 5.503502512579397, 5.711697341785594, 6.814031564582522, 7.867634880566047, 7.686396186761983], [7.305217798212882, 6.407584486499563, 7.546974657877023, 8.309976866621739, 3.4489555051391476, 2.219903620665226, 1.4676870701635942, 3.438667585076268, 3.1494128914822053, 4.528276297147828, 3.712514205080681, 3.5091612820359295, 1.3485463886266362, 2.3680446780282445, 2.223609568592734, 1.0480457681531214, 0.0, 4.735632380335674, 4.190250930655448, 4.396782445544059, 8.55202920246041, 8.636791705853318, 6.733588895541422, 9.143246912345335, 4.744333012529581, 9.507517954977988, 9.748546372513305, 9.448308799075635, 9.595761201913499, 10.316490902780043, 11.235416948084788, 8.219836956136009, 9.659998571940351, 10.000700768332184, 9.387215299001127, 4.396728439298733, 3.851915502211491, 11.060064457037825, 10.723016246095739, 12.003592501811012, 10.509742246791141, 10.465386053947428, 8.745081568263458, 7.5503919612812815, 8.629593377354352, 6.844131380670598, 8.31248910368084, 8.462768191196576, 9.543756858038929, 8.999739651914263, 8.025804047934837, 5.657704205179911, 7.057242519362393, 7.4588995761429695, 5.599691517730882, 5.587686663929577, 5.9628995987717595, 4.909020489203183, 5.640383054743912, 6.1243698268403195, 6.1748638253839925, 5.27973241750155, 6.463585148706181, 7.418711993608574, 8.417668817312714, 7.614512022487822, 7.407009503770945, 6.538608083536361, 6.6610894788597355, 7.824849899320187, 8.858028106948373, 8.640264362488388], [3.097122607462113, 2.376519199876909, 3.