3
2
72
17659
[0, 0, 594, 595, 597, 0, 616, 0, 0, 0, 0, 0, 0, 0, 0, 0, 631, 0, 596, 0, 0, 629, 620, 0, 625, 0, 0, 601, 607, 0, 0, 0, 619, 601, 596, 617, 629, 0, 0, 0, 620, 0, 0, 599, 610, 0, 606, 0, 0, 0, 621, 0, 606, 0, 0, 0, 615, 0, 0, 0, 0, 620, 0, 0, 631, 619, 615, 0, 0, 0, 0, 608]
[118, 125, 124, 126, 125, 122, 120, 118, 126, 118, 121, 122, 118, 122, 122, 119, 125, 118, 122, 119, 119, 126, 123, 125, 123, 126, 125, 119, 125, 122, 118, 125, 124, 121, 120, 122, 122, 125, 125, 119, 119, 123, 120, 121, 122, 118, 126, 122, 122, 125, 120, 119, 122, 126, 120, 119, 124, 120, 119, 125, 121, 122, 125, 123, 119, 125, 118, 121, 125, 118, 125, 124]
[[0, 1, 0, 0, 0, 0, 0, 0, 0, 0, 0, 0, 0, 0, 0, 0, 0, 0, 0, 0, 0, 0, 0, 0, 0, 0, 0, 0, 0, 0, 0, 0, 0, 0, 1, 0, 0, 0, 0, 0, 0, 0, 0, 0, 0, 0, 0, 0, 0, 0, 0, 0, 0, 0, 0, 0, 0, 0, 0, 0, 0, 1, 0, 0, 0, 0, 0, 0, 0, 0, 0, 0], [1, 0, 0, 0, 0, 0, 0, 0, 0, 0, 0, 0, 0, 0, 0, 0, 0, 0, 0, 0, 0, 0, 0, 0, 0, 0, 1, 0, 0, 0, 0, 0, 0, 0, 0, 0, 0, 0, 0, 0, 0, 0, 0, 0, 0, 0, 0, 0, 0, 0, 0, 0, 0, 0, 0, 0, 0, 0, 0, 0, 0, 0, 0, 0, 0, 0, 0, 0, 0, 0, 0, 0], [0, 0, 0, 0, 0, 0, 1, 0, 0, 0, 0, 0, 0, 0, 0, 0, 0, 0, 0, 0, 0, 0, 0, 0, 0, 0, 0, 0, 0, 0, 0, 0, 0, 1, 0, 0, 0, 0, 0, 0, 0, 0, 0, 0, 0, 0, 0, 0, 0, 0, 0, 0, 0, 0, 0, 0, 0, 0, 0, 0, 0, 0, 0, 0, 0, 0, 0, 0, 0, 0, 0, 0], [0, 0, 0, 0, 0, 0, 0, 0, 0, 0, 0, 0, 0, 0, 0, 0, 1, 0, 0, 0, 0, 0, 0, 0, 1, 1, 0, 0, 0, 0, 0, 0, 0, 0, 0, 0, 0, 0, 0, 0, 0, 0, 0, 0, 0, 0, 0, 0, 0, 0, 0, 0, 0, 0, 0, 0, 0, 0, 0, 0, 0, 0, 0, 0, 0, 0, 0, 0, 0, 0, 0, 0], [0, 0, 0, 0, 0, 1, 0, 0, 0, 0, 1, 1, 0, 0, 1, 0, 0, 0, 0, 0, 0, 0, 0, 0, 0, 0, 0, 0, 0, 0, 0, 0, 0, 0, 0, 1, 0, 0, 0, 0, 0, 0, 0, 0, 0, 0, 0, 0, 1, 0, 0, 0, 0, 0, 0, 0, 0, 0, 0, 0, 0, 0, 0, 0, 0, 0, 0, 0, 0, 0, 0, 0], [0, 0, 0, 0, 1, 0, 0, 0, 0, 0, 0, 0, 0, 0, 1, 0, 0, 0, 0, 0, 0, 0, 0, 0, 0, 0, 0, 0, 0, 0, 0, 0, 0, 0, 0, 1, 0, 0, 0, 0, 0, 0, 0, 0, 0, 0, 0, 0, 0, 0, 0, 0, 0, 0, 0, 0, 0, 0, 0, 0, 0, 0, 0, 0, 0, 0, 0, 0, 0, 0, 0, 0], [0, 0, 1, 0, 0, 0, 0, 0, 0, 0, 0, 0, 0, 0, 0, 0, 0, 0, 1, 0, 0, 0, 0, 0, 0, 0, 0, 0, 0, 0, 1, 0, 0, 1, 0, 0, 0, 0, 0, 0, 0, 0, 0, 0, 0, 0, 0, 0, 0, 0, 0, 0, 0, 0, 0, 0, 0, 0, 0, 0, 0, 0, 0, 0, 0, 0, 0, 0, 0, 0, 0, 0], [0, 0, 0, 0, 0, 0, 0, 0, 1, 1, 0, 0, 0, 0, 0, 0, 0, 0, 0, 0, 0, 0, 0, 0, 0, 0, 0, 0, 0, 0, 0, 0, 0, 0, 0, 0, 0, 0, 1, 0, 0, 0, 0, 0, 0, 0, 0, 0, 0, 0, 0, 0, 0, 0, 0, 0, 0, 0, 0, 0, 0, 0, 0, 0, 0, 0, 0, 0, 0, 0, 0, 0], [0, 0, 0, 0, 0, 0, 0, 1, 0, 1, 0, 1, 1, 0, 0, 0, 0, 0, 0, 0, 0, 0, 0, 0, 0, 0, 0, 0, 0, 0, 0, 0, 0, 0, 0, 0, 0, 0, 0, 0, 0, 0, 0, 0, 0, 0, 0, 0, 0, 0, 0, 0, 0, 0, 0, 0, 0, 0, 0, 0, 0, 0, 0, 0, 0, 0, 0, 0, 0, 0, 0, 0], [0, 0, 0, 0, 0, 0, 0, 1, 1, 0, 0, 0, 0, 0, 0, 0, 0, 0, 0, 0, 0, 0, 0, 0, 0, 0, 0, 0, 0, 0, 0, 0, 0, 0, 0, 0, 0, 1, 0, 0, 0, 0, 1, 0, 0, 0, 0, 1, 0, 0, 0, 0, 0, 0, 0, 0, 0, 0, 0, 0, 0, 0, 0, 0, 0, 0, 0, 0, 0, 0, 0, 0], [0, 0, 0, 0, 1, 0, 0, 0, 0, 0, 0, 1, 0, 0, 0, 0, 1, 0, 0, 0, 0, 0, 0, 0, 1, 0, 0, 0, 0, 0, 0, 0, 0, 0, 0, 0, 0, 0, 0, 0, 0, 0, 0, 0, 0, 0, 0, 0, 0, 0, 0, 0, 0, 0, 0, 0, 0, 0, 0, 0, 0, 0, 0, 0, 0, 0, 0, 0, 0, 0, 1, 0], [0, 0, 0, 0, 1, 0, 0, 0, 1, 0, 1, 0, 1, 0, 0, 0, 0, 0, 0, 0, 0, 0, 0, 0, 0, 0, 0, 0, 0, 0, 0, 0, 0, 0, 0, 0, 0, 0, 0, 0, 0, 0, 0, 0, 0, 0, 0, 1, 1, 0, 0, 0, 0, 0, 0, 0, 0, 0, 0, 0, 0, 0, 0, 0, 0, 0, 0, 0, 0, 0, 0, 0], [0, 0, 0, 0, 0, 0, 0, 0, 1, 0, 0, 1, 0, 0, 0, 0, 0, 0, 0, 0, 0, 0, 0, 0, 0, 0, 0, 0, 1, 0, 0, 0, 0, 0, 0, 0, 0, 0, 1, 0, 0, 0, 0, 0, 0, 0, 0, 0, 0, 0, 0, 0, 0, 0, 0, 0, 0, 0, 0, 0, 0, 0, 0, 0, 0, 0, 0, 0, 0, 0, 0, 0], [0, 0, 0, 0, 0, 0, 0, 0, 0, 0, 0, 0, 0, 0, 1, 1, 1, 1, 0, 0, 0, 0, 0, 0, 0, 0, 0, 0, 0, 0, 0, 0, 0, 0, 0, 0, 0, 0, 0, 0, 0, 0, 0, 0, 0, 0, 0, 0, 0, 0, 0, 0, 0, 0, 0, 0, 0, 0, 0, 0, 0, 0, 0, 0, 0, 0, 0, 0, 0, 0, 0, 0], [0, 0, 0, 0, 1, 1, 0, 0, 0, 0, 0, 0, 0, 1, 0, 0, 0, 0, 0, 0, 0, 0, 0, 0, 0, 0, 0, 0, 0, 0, 0, 0, 0, 0, 0, 0, 0, 0, 0, 0, 0, 0, 0, 0, 0, 0, 0, 0, 0, 0, 0, 0, 0, 0, 0, 0, 0, 0, 0, 0, 0, 0, 0, 0, 0, 0, 0, 0, 0, 0, 0, 0], [0, 0, 0, 0, 0, 0, 0, 0, 0, 0, 0, 0, 0, 1, 0, 0, 0, 1, 0, 0, 0, 0, 0, 0, 0, 0, 0, 0, 0, 0, 0, 0, 0, 0, 0, 0, 0, 0, 0, 0, 0, 0, 0, 0, 0, 0, 0, 0, 0, 0, 0, 0, 0, 0, 0, 0, 0, 0, 0, 0, 0, 0, 0, 0, 0, 0, 0, 0, 0, 0, 0, 0], [0, 0, 0, 1, 0, 0, 0, 0, 0, 0, 1, 0, 0, 1, 0, 0, 0, 1, 0, 0, 0, 0, 0, 0, 0, 0, 0, 0, 0, 0, 0, 0, 0, 0, 0, 0, 0, 0, 0, 0, 0, 0, 0, 0, 0, 0, 0, 0, 0, 0, 0, 0, 0, 0, 0, 0, 0, 0, 0, 0, 0, 0, 0, 0, 0, 0, 0, 0, 0, 0, 0, 0], [0, 0, 0, 0, 0, 0, 0, 0, 0, 0, 0, 0, 0, 1, 0, 1, 1, 0, 0, 0, 0, 0, 0, 0, 0, 0, 0, 0, 0, 0, 0, 0, 0, 0, 0, 0, 0, 0, 0, 0, 0, 0, 0, 0, 0, 0, 0, 0, 0, 0, 0, 0, 0, 0, 0, 0, 0, 0, 0, 0, 0, 0, 0, 0, 0, 0, 0, 0, 0, 0, 0, 0], [0, 0, 0, 0, 0, 0, 1, 0, 0, 0, 0, 0, 0, 0, 0, 0, 0, 0, 0, 0, 0, 1, 0, 0, 0, 0, 0, 0, 0, 0, 0, 0, 0, 0, 0, 0, 0, 0, 0, 0, 0, 0, 0, 0, 0, 0, 0, 0, 0, 0, 0, 0, 0, 0, 0, 0, 0, 0, 0, 0, 0, 0, 0, 0, 0, 0, 0, 0, 0, 0, 0, 0], [0, 0, 0, 0, 0, 0, 0, 0, 0, 0, 0, 0, 0, 0, 0, 0, 0, 0, 0, 0, 0, 1, 0, 0, 0, 0, 0, 0, 0, 0, 0, 0, 0, 0, 0, 0, 0, 0, 0, 0, 0, 0, 0, 0, 0, 1, 0, 0, 0, 0, 0, 0, 0, 0, 0, 0, 0, 0, 0, 1, 0, 0, 0, 0, 0, 0, 0, 0, 0, 0, 0, 0], [0, 0, 0, 0, 0, 0, 0, 0, 0, 0, 0, 0, 0, 0, 0, 0, 0, 0, 0, 0, 0, 1, 0, 0, 0, 0, 0, 0, 0, 0, 0, 0, 0, 0, 0, 0, 0, 0, 0, 0, 0, 0, 0, 0, 0, 0, 0, 0, 0, 0, 0, 0, 0, 0, 0, 0, 0, 0, 0, 0, 0, 0, 0, 0, 0, 0, 0, 0, 0, 0, 0, 0], [0, 0, 0, 0, 0, 0, 0, 0, 0, 0, 0, 0, 0, 0, 0, 0, 0, 0, 1, 1, 1, 0, 1, 0, 0, 0, 0, 0, 0, 0, 0, 0, 0, 0, 0, 0, 0, 0, 0, 0, 0, 0, 0, 0, 0, 0, 0, 0, 0, 0, 0, 0, 0, 0, 0, 0, 0, 0, 0, 0, 0, 0, 0, 0, 0, 0, 0, 0, 0, 0, 0, 0], [0, 0, 0, 0, 0, 0, 0, 0, 0, 0, 0, 0, 0, 0, 0, 0, 0, 0, 0, 0, 0, 1, 0, 0, 0, 0, 0, 0, 0, 0, 1, 0, 0, 0, 0, 0, 0, 0, 0, 0, 0, 0, 0, 0, 0, 0, 0, 0, 0, 0, 0, 0, 0, 0, 0, 1, 1, 0, 0, 0, 0, 0, 0, 0, 0, 0, 0, 0, 0, 0, 0, 0], [0, 0, 0, 0, 0, 0, 0, 0, 0, 0, 0, 0, 0, 0, 0, 0, 0, 0, 0, 0, 0, 0, 0, 0, 1, 1, 1, 0, 0, 0, 0, 0, 0, 0, 0, 0, 0, 0, 0, 0, 0, 0, 0, 0, 0, 0, 0, 0, 0, 0, 0, 0, 0, 1, 0, 0, 0, 0, 0, 0, 0, 0, 0, 0, 0, 0, 0, 0, 0, 0, 0, 1], [0, 0, 0, 1, 0, 0, 0, 0, 0, 0, 1, 0, 0, 0, 0, 0, 0, 0, 0, 0, 0, 0, 0, 1, 0, 0, 0, 0, 0, 0, 0, 0, 0, 0, 0, 0, 0, 0, 0, 0, 0, 0, 0, 0, 0, 0, 0, 0, 0, 0, 0, 0, 0, 0, 0, 0, 0, 0, 0, 0, 0, 0, 0, 0, 0, 0, 0, 0, 0, 0, 1, 1], [0, 0, 0, 1, 0, 0, 0, 0, 0, 0, 0, 0, 0, 0, 0, 0, 0, 0, 0, 0, 0, 0, 0, 1, 0, 0, 1, 0, 0, 0, 0, 0, 0, 0, 0, 0, 0, 0, 0, 0, 0, 0, 0, 0, 0, 0, 0, 0, 0, 0, 0, 0, 0, 0, 0, 0, 0, 0, 0, 0, 0, 0, 0, 0, 0, 0, 0, 0, 0, 0, 0, 0], [0, 1, 0, 0, 0, 0, 0, 0, 0, 0, 0, 0, 0, 0, 0, 0, 0, 0, 0, 0, 0, 0, 0, 1, 0, 1, 0, 0, 0, 0, 0, 0, 0, 0, 0, 0, 0, 0, 0, 0, 0, 0, 0, 0, 0, 0, 0, 0, 0, 0, 0, 0, 0, 1, 0, 0, 0, 0, 0, 0, 0, 0, 0, 0, 0, 0, 0, 0, 0, 0, 0, 0], [0, 0, 0, 0, 0, 0, 0, 0, 0, 0, 0, 0, 0, 0, 0, 0, 0, 0, 0, 0, 0, 0, 0, 0, 0, 0, 0, 0, 1, 0, 0, 1, 0, 0, 0, 0, 1, 0, 0, 1, 0, 0, 0, 0, 0, 0, 0, 0, 0, 0, 0, 0, 0, 0, 0, 0, 0, 0, 0, 0, 0, 0, 0, 0, 0, 0, 0, 1, 0, 0, 0, 0], [0, 0, 0, 0, 0, 0, 0, 0, 0, 0, 0, 0, 1, 0, 0, 0, 0, 0, 0, 0, 0, 0, 0, 0, 0, 0, 0, 1, 0, 0, 0, 0, 0, 0, 0, 0, 1, 0, 1, 1, 0, 0, 0, 0, 0, 0, 0, 0, 0, 0, 0, 0, 0, 0, 0, 0, 0, 0, 0, 0, 0, 0, 0, 0, 0, 0, 0, 0, 0, 0, 0, 0], [0, 0, 0, 0, 0, 0, 0, 0, 0, 0, 0, 0, 0, 0, 0, 0, 0, 0, 0, 0, 0, 0, 0, 0, 0, 0, 0, 0, 0, 0, 1, 1, 1, 0, 0, 0, 0, 0, 0, 0, 0, 0, 0, 0, 0, 0, 0, 0, 0, 0, 0, 0, 0, 0, 0, 1, 0, 0, 0, 0, 0, 0, 0, 0, 0, 0, 0, 0, 0, 0, 0, 0], [0, 0, 0, 0, 0, 0, 1, 0, 0, 0, 0, 0, 0, 0, 0, 0, 0, 0, 0, 0, 0, 0, 1, 0, 0, 0, 0, 0, 0, 1, 0, 0, 0, 1, 0, 0, 0, 0, 0, 0, 0, 0, 0, 0, 0, 0, 0, 0, 0, 0, 0, 0, 0, 0, 0, 0, 0, 0, 0, 0, 0, 0, 0, 0, 0, 0, 0, 0, 0, 0, 0, 0], [0, 0, 0, 0, 0, 0, 0, 0, 0, 0, 0, 0, 0, 0, 0, 0, 0, 0, 0, 0, 0, 0, 0, 0, 0, 0, 0, 1, 0, 1, 0, 0, 1, 0, 0, 0, 0, 0, 0, 0, 0, 0, 0, 0, 0, 0, 0, 0, 0, 0, 0, 0, 0, 0, 0, 0, 0, 0, 0, 0, 0, 0, 0, 0, 0, 0, 0, 0, 0, 0, 0, 0], [0, 0, 0, 0, 0, 0, 0, 0, 0, 0, 0, 0, 0, 0, 0, 0, 0, 0, 0, 0, 0, 0, 0, 0, 0, 0, 0, 0, 0, 1, 0, 1, 0, 0, 0, 0, 0, 0, 0, 0, 0, 0, 0, 0, 0, 0, 0, 0, 0, 0, 0, 0, 0, 0, 0, 0, 0, 0, 0, 0, 0, 0, 1, 0, 0, 0, 0, 0, 1, 0, 0, 0], [0, 0, 1, 0, 0, 0, 1, 0, 0, 0, 0, 0, 0, 0, 0, 0, 0, 0, 0, 0, 0, 0, 0, 0, 0, 0, 0, 0, 0, 0, 1, 0, 0, 0, 1, 0, 0, 0, 0, 0, 0, 0, 0, 0, 0, 0, 0, 0, 0, 0, 0, 0, 0, 0, 0, 0, 0, 0, 0, 0, 0, 0, 1, 0, 0, 0, 0, 0, 0, 0, 0, 0], [1, 0, 0, 0, 0, 0, 0, 0, 0, 0, 0, 0, 0, 0, 0, 0, 0, 0, 0, 0, 0, 0, 0, 0, 0, 0, 0, 0, 0, 0, 0, 0, 0, 1, 0, 0, 0, 0, 0, 0, 0, 0, 0, 0, 0, 0, 0, 0, 0, 0, 0, 0, 0, 0, 0, 0, 0, 0, 0, 0, 0, 0, 1, 0, 0, 0, 0, 0, 0, 0, 0, 0], [0, 0, 0, 0, 1, 1, 0, 0, 0, 0, 0, 0, 0, 0, 0, 0, 0, 0, 0, 0, 0, 0, 0, 0, 0, 0, 0, 0, 0, 0, 0, 0, 0, 0, 0, 0, 0, 0, 0, 0, 0, 0, 0, 0, 0, 0, 0, 0, 1, 0, 0, 0, 0, 0, 0, 0, 0, 0, 0, 0, 0, 0, 0, 0, 0, 0, 0, 0, 0, 0, 0, 0], [0, 0, 0, 0, 0, 0, 0, 0, 0, 0, 0, 0, 0, 0, 0, 0, 0, 0, 0, 0, 0, 0, 0, 0, 0, 0, 0, 1, 1, 0, 0, 0, 0, 0, 0, 0, 0, 0, 0, 0, 0, 0, 0, 0, 0, 0, 0, 0, 0, 0, 0, 0, 0, 0, 0, 0, 0, 0, 0, 0, 0, 0, 0, 0, 0, 0, 0, 1, 0, 1, 0, 0], [0, 0, 0, 0, 0, 0, 0, 0, 0, 1, 0, 0, 0, 0, 0, 0, 0, 0, 0, 0, 0, 0, 0, 0, 0, 0, 0, 0, 0, 0, 0, 0, 0, 0, 0, 0, 0, 0, 0, 0, 0, 0, 1, 0, 0, 0, 0, 0, 0, 0, 0, 0, 0, 0, 0, 0, 0, 1, 0, 0, 0, 0, 0, 0, 0, 0, 0, 0, 0, 0, 0, 0], [0, 0, 0, 0, 0, 0, 0, 1, 0, 0, 0, 0, 1, 0, 0, 0, 0, 0, 0, 0, 0, 0, 0, 0, 0, 0, 0, 0, 1, 0, 0, 0, 0, 0, 0, 0, 0, 0, 0, 0, 0, 0, 0, 0, 0, 0, 0, 0, 0, 0, 0, 0, 0, 0, 0, 0, 0, 1, 0, 0, 0, 0, 0, 0, 0, 0, 0, 0, 0, 0, 0, 0], [0, 0, 0, 0, 0, 0, 0, 0, 0, 0, 0, 0, 0, 0, 0, 0, 0, 0, 0, 0, 0, 0, 0, 0, 0, 0, 0, 1, 1, 0, 0, 0, 0, 0, 0, 0, 0, 0, 0, 0, 0, 0, 0, 0, 0, 0, 0, 0, 0, 0, 0, 0, 0, 0, 0, 1, 0, 0, 0, 0, 0, 0, 0, 0, 0, 0, 0, 0, 0, 0, 0, 0], [0, 0, 0, 0, 0, 0, 0, 0, 0, 0, 0, 0, 0, 0, 0, 0, 0, 0, 0, 0, 0, 0, 0, 0, 0, 0, 0, 0, 0, 0, 0, 0, 0, 0, 0, 0, 0, 0, 0, 0, 0, 1, 0, 1, 0, 0, 0, 0, 0, 0, 0, 0, 0, 0, 0, 0, 0, 0, 0, 0, 0, 0, 0, 0, 0, 0, 0, 0, 0, 0, 0, 0], [0, 0, 0, 0, 0, 0, 0, 0, 0, 0, 0, 0, 0, 0, 0, 0, 0, 0, 0, 0, 0, 0, 0, 0, 0, 0, 0, 0, 0, 0, 0, 0, 0, 0, 0, 0, 0, 0, 0, 0, 1, 0, 0, 0, 0, 0, 0, 0, 0, 0, 0, 1, 0, 0, 0, 0, 0, 0, 0, 0, 0, 0, 0, 0, 0, 0, 0, 0, 0, 0, 0, 0], [0, 0, 0, 0, 0, 0, 0, 0, 0, 1, 0, 0, 0, 0, 0, 0, 0, 0, 0, 0, 0, 0, 0, 0, 0, 0, 0, 0, 0, 0, 0, 0, 0, 0, 0, 0, 0, 1, 0, 0, 0, 0, 0, 1, 0, 0, 0, 0, 0, 0, 0, 0, 0, 0, 0, 0, 0, 0, 1, 0, 0, 0, 0, 0, 0, 0, 0, 0, 0, 0, 0, 0], [0, 0, 0, 0, 0, 0, 0, 0, 0, 0, 0, 0, 0, 0, 0, 0, 0, 0, 0, 0, 0, 0, 0, 0, 0, 0, 0, 0, 0, 0, 0, 0, 0, 0, 0, 0, 0, 0, 0, 0, 1, 0, 1, 0, 0, 0, 0, 0, 0, 0, 0, 1, 0, 0, 0, 0, 0, 0, 0, 0, 0, 0, 0, 0, 0, 0, 0, 0, 0, 0, 0, 0], [0, 0, 0, 0, 0, 0, 0, 0, 0, 0, 0, 0, 0, 0, 0, 0, 0, 0, 0, 0, 0, 0, 0, 0, 0, 0, 0, 0, 0, 0, 0, 0, 0, 0, 0, 0, 0, 0, 0, 0, 0, 0, 0, 0, 0, 0, 0, 0, 0, 0, 0, 0, 0, 0, 0, 0, 0, 0, 0, 0, 1, 0, 0, 0, 0, 0, 0, 0, 0, 0, 0, 0], [0, 0, 0, 0, 0, 0, 0, 0, 0, 0, 0, 0, 0, 0, 0, 0, 0, 0, 0, 1, 0, 0, 0, 0, 0, 0, 0, 0, 0, 0, 0, 0, 0, 0, 0, 0, 0, 0, 0, 0, 0, 0, 0, 0, 0, 0, 0, 0, 0, 0, 0, 0, 0, 0, 0, 0, 0, 0, 0, 1, 0, 0, 0, 0, 0, 0, 0, 0, 0, 0, 0, 0], [0, 0, 0, 0, 0, 0, 0, 0, 0, 0, 0, 0, 0, 0, 0, 0, 0, 0, 0, 0, 0, 0, 0, 0, 0, 0, 0, 0, 0, 0, 0, 0, 0, 0, 0, 0, 0, 0, 0, 0, 0, 0, 0, 0, 0, 0, 0, 1, 0, 1, 1, 0, 0, 0, 0, 0, 0, 0, 0, 0, 0, 0, 0, 0, 0, 0, 0, 0, 0, 0, 0, 0], [0, 0, 0, 0, 0, 0, 0, 0, 0, 1, 0, 1, 0, 0, 0, 0, 0, 0, 0, 0, 0, 0, 0, 0, 0, 0, 0, 0, 0, 0, 0, 0, 0, 0, 0, 0, 0, 0, 0, 0, 0, 0, 0, 0, 0, 0, 1, 0, 0, 0, 0, 1, 0, 0, 0, 0, 0, 0, 0, 0, 0, 0, 0, 0, 0, 0, 0, 0, 0, 0, 0, 0], [0, 0, 0, 0, 1, 0, 0, 0, 0, 0, 0, 1, 0, 0, 0, 0, 0, 0, 0, 0, 0, 0, 0, 0, 0, 0, 0, 0, 0, 0, 0, 0, 0, 0, 0, 1, 0, 0, 0, 0, 0, 0, 0, 0, 0, 0, 0, 0, 0, 1, 0, 0, 0, 0, 0, 0, 0, 0, 0, 0, 0, 0, 0, 0, 0, 0, 0, 0, 0, 0, 0, 0], [0, 0, 0, 0, 0, 0, 0, 0, 0, 0, 0, 0, 0, 0, 0, 0, 0, 0, 0, 0, 0, 0, 0, 0, 0, 0, 0, 0, 0, 0, 0, 0, 0, 0, 0, 0, 0, 0, 0, 0, 0, 0, 0, 0, 0, 0, 1, 0, 1, 0, 0, 0, 0, 0, 0, 0, 0, 0, 0, 0, 0, 0, 0, 0, 0, 0, 0, 0, 0, 0, 0, 0], [0, 0, 0, 0, 0, 0, 0, 0, 0, 0, 0, 0, 0, 0, 0, 0, 0, 0, 0, 0, 0, 0, 0, 0, 0, 0, 0, 0, 0, 0, 0, 0, 0, 0, 0, 0, 0, 0, 0, 0, 0, 0, 0, 0, 0, 0, 1, 0, 0, 0, 0, 1, 0, 0, 0, 0, 0, 0, 0, 0, 0, 0, 0, 0, 0, 0, 0, 0, 0, 0, 0, 0], [0, 0, 0, 0, 0, 0, 0, 0, 0, 0, 0, 0, 0, 0, 0, 0, 0, 0, 0, 0, 0, 0, 0, 0, 0, 0, 0, 0, 0, 0, 0, 0, 0, 0, 0, 0, 0, 0, 0, 0, 0, 1, 0, 1, 0, 0, 0, 1, 0, 0, 1, 0, 0, 0, 0, 0, 0, 0, 0, 0, 0, 0, 0, 0, 0, 0, 0, 0, 0, 0, 0, 0], [0, 0, 0, 0, 0, 0, 0, 0, 0, 0, 0, 0, 0, 0, 0, 0, 0, 0, 0, 0, 0, 0, 0, 0, 0, 0, 0, 0, 0, 0, 0, 0, 0, 0, 0, 0, 0, 0, 0, 0, 0, 0, 0, 0, 0, 0, 0, 0, 0, 0, 0, 0, 0, 1, 0, 0, 0, 0, 0, 0, 0, 1, 0, 0, 0, 0, 0, 0, 0, 0, 0, 0], [0, 0, 0, 0, 0, 0, 0, 0, 0, 0, 0, 0, 0, 0, 0, 0, 0, 0, 0, 0, 0, 0, 0, 1, 0, 0, 1, 0, 0, 0, 0, 0, 0, 0, 0, 0, 0, 0, 0, 0, 0, 0, 0, 0, 0, 0, 0, 0, 0, 0, 0, 0, 1, 0, 0, 0, 0, 0, 0, 0, 0, 1, 0, 0, 0, 1, 0, 0, 0, 0, 0, 0], [0, 0, 0, 0, 0, 0, 0, 0, 0, 0, 0, 0, 0, 0, 0, 0, 0, 0, 0, 0, 0, 0, 0, 0, 0, 0, 0, 0, 0, 0, 0, 0, 0, 0, 0, 0, 0, 0, 0, 0, 0, 0, 0, 0, 0, 0, 0, 0, 0, 0, 0, 0, 0, 0, 0, 0, 1, 1, 1, 0, 0, 0, 0, 0, 0, 0, 0, 0, 0, 0, 0, 0], [0, 0, 0, 0, 0, 0, 0, 0, 0, 0, 0, 0, 0, 0, 0, 0, 0, 0, 0, 0, 0, 0, 1, 0, 0, 0, 0, 0, 0, 1, 0, 0, 0, 0, 0, 0, 0, 0, 0, 1, 0, 0, 0, 0, 0, 0, 0, 0, 0, 0, 0, 0, 0, 0, 0, 0, 1, 0, 0, 0, 0, 0, 0, 0, 0, 0, 0, 0, 0, 0, 0, 0], [0, 0, 0, 0, 0, 0, 0, 0, 0, 0, 0, 0, 0, 0, 0, 0, 0, 0, 0, 0, 0, 0, 1, 0, 0, 0, 0, 0, 0, 0, 0, 0, 0, 0, 0, 0, 0, 0, 0, 0, 0, 0, 0, 0, 0, 0, 0, 0, 0, 0, 0, 0, 0, 0, 1, 1, 0, 0, 0, 1, 0, 0, 0, 0, 0, 0, 0, 0, 0, 0, 0, 0], [0, 0, 0, 0, 0, 0, 0, 0, 0, 0, 0, 0, 0, 0, 0, 0, 0, 0, 0, 0, 0, 0, 0, 0, 0, 0, 0, 0, 0, 0, 0, 0, 0, 0, 0, 0, 0, 1, 1, 0, 0, 0, 0, 0, 0, 0, 0, 0, 0, 0, 0, 0, 0, 0, 1, 0, 0, 0, 0, 0, 0, 0, 0, 0, 0, 0, 0, 0, 0, 0, 0, 0], [0, 0, 0, 0, 0, 0, 0, 0, 0, 0, 0, 0, 0, 0, 0, 0, 0, 0, 0, 0, 0, 0, 0, 0, 0, 0, 0, 0, 0, 0, 0, 0, 0, 0, 0, 0, 0, 0, 0, 0, 0, 0, 1, 0, 0, 0, 0, 0, 0, 0, 0, 0, 0, 0, 1, 0, 0, 0, 0, 0, 1, 0, 0, 0, 0, 0, 0, 0, 0, 0, 0, 0], [0, 0, 0, 0, 0, 0, 0, 0, 0, 0, 0, 0, 0, 0, 0, 0, 0, 0, 0, 1, 0, 0, 0, 0, 0, 0, 0, 0, 0, 0, 0, 0, 0, 0, 0, 0, 0, 0, 0, 0, 0, 0, 0, 0, 0, 1, 0, 0, 0, 0, 0, 0, 0, 0, 0, 0, 1, 0, 0, 0, 1, 0, 0, 0, 0, 0, 0, 0, 0, 0, 0, 0], [0, 0, 0, 0, 0, 0, 0, 0, 0, 0, 0, 0, 0, 0, 0, 0, 0, 0, 0, 0, 0, 0, 0, 0, 0, 0, 0, 0, 0, 0, 0, 0, 0, 0, 0, 0, 0, 0, 0, 0, 0, 0, 0, 0, 1, 0, 0, 0, 0, 0, 0, 0, 0, 0, 0, 0, 0, 0, 1, 1, 0, 0, 0, 0, 0, 0, 0, 0, 0, 0, 0, 0], [1, 0, 0, 0, 0, 0, 0, 0, 0, 0, 0, 0, 0, 0, 0, 0, 0, 0, 0, 0, 0, 0, 0, 0, 0, 0, 0, 0, 0, 0, 0, 0, 0, 0, 0, 0, 0, 0, 0, 0, 0, 0, 0, 0, 0, 0, 0, 0, 0, 0, 0, 0, 1, 1, 0, 0, 0, 0, 0, 0, 0, 0, 1, 0, 1, 0, 0, 0, 0, 0, 0, 0], [0, 0, 0, 0, 0, 0, 0, 0, 0, 0, 0, 0, 0, 0, 0, 0, 0, 0, 0, 0, 0, 0, 0, 0, 0, 0, 0, 0, 0, 0, 0, 0, 1, 1, 1, 0, 0, 0, 0, 0, 0, 0, 0, 0, 0, 0, 0, 0, 0, 0, 0, 0, 0, 0, 0, 0, 0, 0, 0, 0, 0, 1, 0, 0, 0, 0, 0, 0, 1, 0, 0, 0], [0, 0, 0, 0, 0, 0, 0, 0, 0, 0, 0, 0, 0, 0, 0, 0, 0, 0, 0, 0, 0, 0, 0, 0, 0, 0, 0, 0, 0, 0, 0, 0, 0, 0, 0, 0, 0, 0, 0, 0, 0, 0, 0, 0, 0, 0, 0, 0, 0, 0, 0, 0, 0, 0, 0, 0, 0, 0, 0, 0, 0, 0, 0, 0, 0, 1, 1, 0, 0, 1, 0, 0], [0, 0, 0, 0, 0, 0, 0, 0, 0, 0, 0, 0, 0, 0, 0, 0, 0, 0, 0, 0, 0, 0, 0, 0, 0, 0, 0, 0, 0, 0, 0, 0, 0, 0, 0, 0, 0, 0, 0, 0, 0, 0, 0, 0, 0, 0, 0, 0, 0, 0, 0, 0, 0, 0, 0, 0, 0, 0, 0, 0, 0, 1, 0, 0, 0, 1, 0, 0, 1, 0, 0, 0], [0, 0, 0, 0, 0, 0, 0, 0, 0, 0, 0, 0, 0, 0, 0, 0, 0, 0, 0, 0, 0, 0, 0, 0, 0, 0, 0, 0, 0, 0, 0, 0, 0, 0, 0, 0, 0, 0, 0, 0, 0, 0, 0, 0, 0, 0, 0, 0, 0, 0, 0, 0, 0, 1, 0, 0, 0, 0, 0, 0, 0, 0, 0, 1, 1, 0, 0, 0, 0, 0, 0, 0], [0, 0, 0, 0, 0, 0, 0, 0, 0, 0, 0, 0, 0, 0, 0, 0, 0, 0, 0, 0, 0, 0, 0, 0, 0, 0, 0, 0, 0, 0, 0, 0, 0, 0, 0, 0, 0, 0, 0, 0, 0, 0, 0, 0, 0, 0, 0, 0, 0, 0, 0, 0, 0, 0, 0, 0, 0, 0, 0, 0, 0, 0, 0, 1, 0, 0, 0, 1, 0, 1, 0, 0], [0, 0, 0, 0, 0, 0, 0, 0, 0, 0, 0, 0, 0, 0, 0, 0, 0, 0, 0, 0, 0, 0, 0, 0, 0, 0, 0, 1, 0, 0, 0, 0, 0, 0, 0, 0, 1, 0, 0, 0, 0, 0, 0, 0, 0, 0, 0, 0, 0, 0, 0, 0, 0, 0, 0, 0, 0, 0, 0, 0, 0, 0, 0, 0, 0, 0, 1, 0, 1, 0, 0, 0], [0, 0, 0, 0, 0, 0, 0, 0, 0, 0, 0, 0, 0, 0, 0, 0, 0, 0, 0, 0, 0, 0, 0, 0, 0, 0, 0, 0, 0, 0, 0, 0, 1, 0, 0, 0, 0, 0, 0, 0, 0, 0, 0, 0, 0, 0, 0, 0, 0, 0, 0, 0, 0, 0, 0, 0, 0, 0, 0, 0, 0, 0, 1, 0, 1, 0, 0, 1, 0, 0, 0, 0], [0, 0, 0, 0, 0, 0, 0, 0, 0, 0, 0, 0, 0, 0, 0, 0, 0, 0, 0, 0, 0, 0, 0, 0, 0, 0, 0, 0, 0, 0, 0, 0, 0, 0, 0, 0, 1, 0, 0, 0, 0, 0, 0, 0, 0, 0, 0, 0, 0, 0, 0, 0, 0, 0, 0, 0, 0, 0, 0, 0, 0, 0, 0, 1, 0, 0, 1, 0, 0, 0, 1, 0], [0, 0, 0, 0, 0, 0, 0, 0, 0, 0, 1, 0, 0, 0, 0, 0, 0, 0, 0, 0, 0, 0, 0, 0, 1, 0, 0, 0, 0, 0, 0, 0, 0, 0, 0, 0, 0, 0, 0, 0, 0, 0, 0, 0, 0, 0, 0, 0, 0, 0, 0, 0, 0, 0, 0, 0, 0, 0, 0, 0, 0, 0, 0, 0, 0, 0, 0, 0, 0, 1, 0, 1], [0, 0, 0, 0, 0, 0, 0, 0, 0, 0, 0, 0, 0, 0, 0, 0, 0, 0, 0, 0, 0, 0, 0, 1, 1, 0, 0, 0, 0, 0, 0, 0, 0, 0, 0, 0, 0, 0, 0, 0, 0, 0, 0, 0, 0, 0, 0, 0, 0, 0, 0, 0, 0, 0, 0, 0, 0, 0, 0, 0, 0, 0, 0, 0, 0, 0, 0, 0, 0, 0, 1, 0]]
[78, 427, 465, 284, 186, 444, 483, 54, 455, 230, 129, 127, 290, 468, 72, 59, 129, 416, 58, 345, 208, 130, 461, 52, 201, 223, 440, 65, 103, 260, 211, 408, 218, 294, 414, 398, 314, 345, 365, 181, 359, 445, 216, 94, 51, 153, 159, 413, 313, 169, 316, 306, 120, 82, 205, 425, 452, 364, 340, 223, 200, 135, 191, 61, 171, 94, 149, 283, 250, 105, 187, 138]
0.03
[[0.0, 1.5735947607311822, 4.096834710649337, 6.190020951358227, 8.059566458579614, 8.84046003779369, 5.319232924562512, 7.182294708550255, 7.418241781216659, 8.11091630923596, 6.340897125192545, 7.34842896357967, 6.326065094620615, 8.351274904920018, 8.408095596645426, 9.213473643444182, 7.157284643264031, 8.67759779929668, 6.737326902901641, 6.97496037216594, 7.572698624632103, 6.593811407593068, 5.848737628880229, 3.4591490428620717, 4.968742163496383, 4.161320928958029, 2.3133056811047483, 4.576008719087734, 5.628588328247056, 4.496548174517644, 4.811902023480535, 4.145326591734646, 3.57273934167336, 3.5820570128396487, 1.8661895062356042, 9.23142106509211, 5.10284478156112, 7.627145524950011, 6.532834131422335, 5.379075909409421, 9.381336778056912, 10.023225749877346, 8.378974810711261, 8.982868934158226, 8.530899077469602, 7.8219546816860515, 9.803035674847301, 9.006072566495318, 9.184877356018896, 10.04603238165694, 10.719510461291275, 10.47870248218929, 2.4592854323787803, 2.4928896152515727, 6.943886337747671, 5.554182201690917, 6.587928844115141, 6.891037583756834, 7.562735138243319, 7.29584555029137, 7.950477274675267, 1.588544788260893, 2.434817504920265, 3.559255785175309, 2.6353781919158576, 3.051855717921519, 4.184504703646871, 4.028876722692887, 3.0975908540953787, 4.941223527234051, 4.9311997517048, 4.062243510171207], [1.5735947607311822, 0.0, 5.666960711502516, 5.6080061238403385, 8.279600541738692, 8.872330475392596, 6.8676984124576, 7.979000623747189, 8.057907083237343, 8.890201475284348, 6.3784968210727655, 7.782421405776399, 7.005744793593651, 8.130862376354369, 8.359476526533404, 8.931899426388512, 6.855192806045149, 8.20129865237528, 8.263019548312919, 8.332604097365163, 8.977121178716551, 8.024974841171067, 7.192868433640447, 2.9934453996288304, 4.6058886353564965, 3.3134630958108136, 1.3316326128993916, 5.5308990996627445, 6.43798331569171, 5.763536597596279, 6.222247594911742, 5.281314892364727, 4.838783576538378, 5.101292180412731, 3.419322509954889, 9.367327568824937, 5.746862133359902, 8.535198921418269, 7.442312808956146, 6.433549139834513, 10.435405154417698, 11.018047775385806, 9.32511189037089, 9.98907680949707, 9.725322853426638, 9.145892358819554, 10.413063249600638, 9.682410621017112, 9.551641751436053, 10.56638282284025, 11.4129650120698, 11.313528991460911, 2.86965119266256, 2.5495775767650777, 8.091847717350621, 6.739022020697722, 7.816793749227357, 7.904307750549778, 8.679474919758533, 8.584580199222867, 9.13052224129846, 2.3720114233690874, 3.7572861525205035, 4.086713687074801, 3.474004042588774, 3.490807928705679, 4.761601235837055, 4.833278351659642, 4.081473574087512, 5.332603025713578, 5.028283595578966, 3.976997219804146], [4.096834710649337, 5.666960711502516, 0.0, 8.710725367863558, 8.584141615045297, 9.708749273901518, 1.3553340467817998, 6.267923216090432, 6.931748987383869, 7.0645765855439375, 7.625114963412831, 7.452612490089078, 5.991112057015519, 9.858503851879192, 9.52303541879272, 10.755185975315962, 9.003101412909396, 10.68911998993866, 2.83431740072741, 3.9317299759945343, 4.225254263359944, 3.2332484779879374, 3.1253030747535973, 6.40821900339027, 7.347014967877338, 7.416799260224655, 6.085078490883187, 4.069912570543978, 5.124653556703492, 2.7869317965201197, 2.1035555041199787, 3.247139362513071, 2.601094422248085, 1.044145927602436, 2.26437060155433, 9.79624102873724, 5.289831934167079, 6.25229116487522, 5.410744429444352, 4.127558232910203, 7.232885400336108, 8.00920467262402, 6.740655853341655, 7.050323887220201, 5.966881393785805, 4.813223552976658, 9.020041313060494, 8.132487360710998, 9.161422811256935, 9.49174954863849, 9.588883562380255, 8.938866478800932, 4.691664824678707, 5.210851742802182, 4.833048053775977, 3.6999154460669597, 4.219881417125304, 5.309155085308547, 5.44845789119324, 4.5190321681068575, 5.523304529211996, 4.083249195525661, 2.6167095108794562, 4.812260333222028, 3.9065359134309183, 4.808416122462301, 4.970053587529229, 4.306204490870118, 3.5672277199614757, 5.834903671633665, 6.471462533847332, 6.242975073341041], [6.190020951358227, 5.6080061238403385, 8.710725367863558, 0.0, 4.232552837362542, 4.129497013042533, 9.265833899873053, 6.114276318222541, 5.562875083228019, 6.674128204649386, 2.4932398210857283, 4.632694749524849, 5.089564488716609, 2.8803343046377976, 3.488769030820668, 3.5056622481168493, 1.6316261067235271, 2.6036164089819662, 10.117851877648375, 8.926630877195453, 9.719830491713696, 9.1527786114002, 8.022301398627334, 2.7338229467800166, 1.3645874209624733, 2.3597813498608655, 4.276561335897853, 5.448739650321961, 5.293728791829046, 6.7621907892550635, 7.736024508118012, 6.0079826997475765, 6.312290928942731, 7.699142856533831, 6.943255434782015, 4.831949238408237, 4.43434284598717, 6.938885045033525, 6.224794836922752, 6.2351118766927325, 9.021697852388579, 9.235489710015985, 7.675705608457635, 8.449446186716868, 9.123554513649228, 9.35988719017521, 7.2177285686497905, 6.875225698229079, 5.687870104077067, 7.031915294247369, 8.358543106909782, 8.814352347721604, 4.137737407168039, 3.7939603886439683, 7.672819686031203, 6.956405366830089, 7.865152663352666, 6.948109540743942, 7.949516914667397, 8.730948434346915, 8.588578468082465, 4.990121747837543, 6.114935957274601, 3.9535910951932554, 4.808734791213122, 3.9052768728369855, 4.048766827830671, 4.7550675552379875, 5.183890365048842, 3.4975792007007853, 2.5435940754401827, 2.4687132421856566], [8.059566458579614, 8.279600541738692, 8.584141615045297, 4.232552837362542, 0.0, 1.231627612078199, 8.498613381011813, 3.1094534140687964, 2.247217682172393, 3.145867519726008, 2.0044460388091867, 1.2499874898768442, 2.711118990772611, 2.2977580081901277, 1.431287362792264, 2.8907928409973396, 2.7701432169639446, 3.6970672896703025, 8.7364866333696, 6.890853996109974, 7.601094001223734, 7.457689033264584, 6.446727356969553, 5.480146206667338, 4.122476740984282, 5.890606283963988, 7.14049136708722, 4.514618743147683, 3.518930871465337, 5.863766001229756, 6.793508666289278, 5.33804134949011, 6.030157951321206, 7.579594382287213, 7.785465260346965, 1.227479987555527, 3.3334088049534545, 3.820579085765117, 3.752267837481327, 4.654776438099519, 5.541464246033486, 5.509308771318148, 4.299478860866024, 4.98526427050085, 6.166223840958874, 6.935322952025899, 3.0395611381155474, 2.8957495438291088, 1.4619784701416165, 2.8006509769188637, 4.170539478087976, 4.781257280915689, 5.612024341070378, 5.75483440503646, 5.242642557216017, 5.335964989475886, 5.736346788618163, 4.357552768091845, 5.187427014267769, 6.411700578073508, 5.7944285953969885, 6.477596518503265, 6.592521492539349, 4.5291391200469056, 5.575375808981092, 5.007731645431832, 3.9864519577122857, 4.44790239390826, 5.431439786636413, 3.1378540253092675, 3.2529213252095865, 4.3345579855510765], [8.84046003779369, 8.872330475392596, 9.708749273901518, 4.129497013042533, 1.231627612078199, 0.0, 9.685286842630807, 4.330981517873684, 3.4625068268574006, 4.28876919828954, 2.5106791710103344, 2.48108155503578, 3.9254326514339617, 1.504847801442329, 0.6476916311714745, 1.804289520094998, 2.5044997193605325, 2.8516074047667184, 9.960345817597037, 8.122326063829686, 8.830409047944704, 8.686928661367887, 7.668145676144585, 5.940125855616537, 4.415212137499575, 6.146214230648879, 7.648902966706449, 5.645919016444371, 4.707824812062005, 7.028772891789791, 7.977302694625173, 6.464608206986902, 7.126959899966497, 8.688868873718384, 8.75763150442221, 0.7474771359845723, 4.421370184646183, 5.017226058754853, 4.983778165308991, 5.856515213965283, 6.626458873071471, 6.508522149811556, 5.440452250053143, 6.087291971519456, 7.345469049965661, 8.155740894977926, 3.7685595614763203, 3.8589263847180204, 2.0207305706504335, 3.3460240061323003, 4.821911418324285, 5.615002506063881, 6.382850232978662, 6.426409821787923, 6.4712167806319245, 6.550350233623673, 6.967974068732189, 5.585853008391515, 6.398893724704671, 7.638921481890995, 6.9965951548053855, 7.28832346299902, 7.5935647654793925, 5.40832561825285, 6.4858705863589785, 5.816693417826942, 4.943885348862745, 5.483844128430345, 6.427081213124323, 4.054368471028432, 3.913831446689784, 4.899611409685892], [5.319232924562512, 6.8676984124576, 1.3553340467817998, 9.265833899873053, 8.498613381011813, 9.685286842630807, 0.0, 5.839781033313575, 6.604573570711468, 6.526966900431868, 7.844999905029253, 7.293434582107224, 5.802686788902768, 10.039400512471932, 9.588550207720179, 10.91626984834409, 9.329233133812192, 11.008155886758798, 1.480240584184787, 2.8394260103223266, 2.9831964197428786, 2.0517784732084383, 2.3296845674336932, 7.209459546957497, 7.924460341681999, 8.256370861508195, 7.136155975743737, 4.116691641002901, 4.98053055873176, 2.684976803716774, 1.7083490291034282, 3.3626420775400976, 2.953578159784648, 1.8048447188015508, 3.4533864523331412, 9.668775002588935, 5.37254461436469, 5.652413703334885, 4.990468719232311, 3.852778549369055, 6.290906304164433, 7.083435525786047, 6.0076238457147335, 6.192970595334155, 4.9340282080553255, 3.6722273480309973, 8.472468448695123, 7.594255204608214, 8.864339536172567, 9.002541878674968, 8.903721234259674, 8.13951508587588, 5.478490555993484, 6.050671532844163, 4.070463867000472, 3.2391871056420527, 3.4165388697207932, 4.716181346709478, 4.624957927894688, 3.495270525121186, 4.568651250579463, 5.035142527050705, 3.4380319934470123, 5.312908157457621, 4.593823240157578, 5.453326380059662, 5.300799422421899, 4.589327782999283, 4.101719467518642, 6.084365389538182, 6.859317156238465, 6.840709208807659], [7.182294708550255, 7.979000623747189, 6.267923216090432, 6.114276318222541, 3.1094534140687964, 4.330981517873684, 5.839781033313575, 0.0, 0.8728735841912747, 0.9289252952080682, 3.6911416373459645, 1.897818274309298, 1.0965272765672838, 5.2488327596780575, 4.49165045628655, 5.961824719787309, 5.193610223737051, 6.567667522273413, 5.801043641764372, 3.8319475963514824, 4.510734198895118, 4.473347937963129, 3.582459431285817, 5.942584190623292, 5.297123646392723, 6.7798999555139146, 7.208970615811452, 2.64907571766298, 1.5564818602965262, 3.507699774739361, 4.227357247120356, 3.3148560447318327, 4.073734194120934, 5.400950135758669, 6.219180155704694, 4.081742641141864, 2.2786044607281166, 0.8279231414293229, 0.8596066384002102, 2.160274413724824, 2.920015313527277, 3.2495341242949114, 1.5806276214538766, 2.355670867853293, 3.1447450024851844, 3.8259367001788203, 2.788559203003275, 1.9135330793164262, 3.061695830018597, 3.224904817548582, 3.5614929194329066, 3.3345436239162516, 5.122177674110082, 5.5604665910858975, 2.1535069376296954, 2.6125910214876864, 2.7042294204705764, 1.2730222856052158, 2.0876852085817155, 3.3127324341099342, 2.7118860714170134, 5.6920344789805455, 5.0332677728013016, 3.924300454154207, 4.573815845517181, 4.525442296081036, 3.2581615825997083, 3.171609654833036, 4.091814989893302, 3.0113882375025036, 3.874008930382912, 4.7992964243598655], [7.418241781216659, 8.057907083237343, 6.931748987383869, 5.562875083228019, 2.247217682172393, 3.4625068268574006, 6.604573570711468, 0.8728735841912747, 0.0, 1.111253125027655, 3.0799213152208105, 1.0775956583339787, 1.0961002084958027, 4.435675927581623, 3.647724222893513, 5.118618037343714, 4.495038257006636, 5.782826999961628, 6.6436858175903035, 4.7005090474643865, 5.3835601874452665, 5.325723115191516, 4.3962674206326735, 5.759430900669032, 4.899276422647332, 6.500948457866433, 7.168294840672931, 3.0665788166999275, 1.903922474422941, 4.1455228969034605, 4.9498264214098215, 3.8260940653766884, 4.585840221461703, 6.012400429817647, 6.649455049539067, 3.212246114522994, 2.3276974135266464, 1.5873144261136207, 1.633033273938623, 2.8083243635014994, 3.504478310774273, 3.6727442396913696, 2.1768761336060276, 2.929548876496637, 3.943304308751342, 4.693366405836684, 2.3848322537373625, 1.626553394731709, 2.259801918973897, 2.67767818218683, 3.3562812368452564, 3.4193014117326954, 5.1906433259697495, 5.554822031869403, 3.0257201657676083, 3.3657202308336878, 3.5646104128456164, 2.14317844383127, 2.940212762283768, 4.18549028747365, 3.5499174905669113, 5.869012276982175, 5.437682565416121, 3.972993076714767, 4.78286695607676, 4.567105028273078, 3.2999674860056976, 3.4013209181678037, 4.393429817639586, 2.822846287817063, 3.545896823311083, 4.572108004676332], [8.11091630923596, 8.890201475284348, 7.0645765855439375, 6.674128204649386, 3.145867519726008, 4.28876919828954, 6.526966900431868, 0.9289252952080682, 1.111253125027655, 0.0, 4.189950506060502, 2.1266065304412707, 1.919294108740427, 5.418901591996479, 4.576975703466686, 6.032834237293813, 5.579091609791072, 6.795833071324907, 6.318526930454439, 4.243573807779752, 4.8288005292871095, 4.971125112041821, 4.212992839081227, 6.761772187413294, 5.986875156559028, 7.5504610011286495, 8.087840564631266, 3.573369751835145, 2.483543994606213, 4.347554178748402, 4.985753243022654, 4.215459618843458, 4.968792981130281, 6.240729387820748, 7.129891514800173, 3.8899717518147416, 3.1606187347905195, 0.9063756303466438, 1.6958979929726954, 3.0188175694258783, 2.4274769556917697, 2.5615829510251027, 1.1545115523809515, 1.8578945013054287, 3.073252769692151, 4.0428512835199335, 1.9578259176404902, 1.071497116063912, 2.660893466635042, 2.4780219000529673, 2.640952210209787, 2.4338147410694444, 6.026789565691406, 6.446849089308642, 2.576916613938123, 3.3677108613087583, 3.2100714751726134, 1.8121790259706512, 2.272633959249813, 3.6341930109555927, 2.7930608504875334, 6.61584341125744, 5.951728503795983, 4.820020254678542, 5.499424015307404, 5.421792698751388, 4.14821165446346, 4.096398938914903, 5.020690024460723, 3.812281808365267, 4.605379609763627, 5.592818193266122], [6.340897125192545, 6.3784968210727655, 7.625114963412831, 2.4932398210857283, 2.0044460388091867, 2.5106791710103344, 7.844999905029253, 3.6911416373459645, 3.0799213152208105, 4.189950506060502, 0.0, 2.143698864222855, 2.748223906886881, 2.2349953849375668, 2.074874258423733, 3.134802206588248, 1.5858449627255455, 3.1957871825812214, 8.413528817798856, 6.9044746174898695, 7.68422107488407, 7.280550437895193, 6.165742359079918, 3.4999182733843757, 2.124912086322932, 3.889751630409956, 5.186948595514571, 3.7385381780290716, 3.178192290530529, 5.170662164248522, 6.170864662442708, 4.487156712942664, 5.030795257837637, 6.581995044897784, 6.394171095905761, 2.994043959724595, 2.504075955961234, 4.518794227428146, 3.93942545066025, 4.282789646995648, 6.565590722690252, 6.749073587342159, 5.222560407602564, 5.990950590383252, 6.787775411900049, 7.200177191690211, 4.803047680629772, 4.397094778868828, 3.4343335743195635, 4.699707513149777, 5.93970053832197, 6.333272077091215, 3.8895452111847226, 3.915747509000377, 5.464768940493506, 5.031272009795829, 5.77272802999851, 4.661600914004405, 5.64491493176954, 6.5942950372882185, 6.289801832767473, 4.805940990791863, 5.288025740719917, 3.004689756218463, 4.087313883949495, 3.34732656100115, 2.66661830423946, 3.320399045371441, 4.142984591458108, 1.7903964165190653, 1.4097893582014092, 2.401589928598727], [7.34842896357967, 7.782421405776399, 7.452612490089078, 4.632694749524849, 1.2499874898768442, 2.48108155503578, 7.293434582107224, 1.897818274309298, 1.0775956583339787, 2.1266065304412707, 2.143698864222855, 0.0, 1.4907723667578183, 3.360820998937082, 2.595037248088574, 4.064428502013736, 3.45479888727501, 4.705413238446143, 7.490995153049533, 5.643498544608033, 6.359743049451075, 6.208199378220634, 5.204344559989314, 5.221110123847673, 4.139541464683851, 5.837204896329141, 6.765126052322635, 3.4087923170651924, 2.335689927146764, 4.69445764838385, 5.595613209542145, 4.226866960785437, 4.951902468054992, 6.471949563166126, 6.846958186236426, 2.3753630037341464, 2.339013146727221, 2.660952197812547, 2.502892991814661, 3.4409352987607758, 4.5517003689999775, 4.6517170348465005, 3.2412616147904445, 3.9792794278785246, 5.016670394502408, 5.712129446943032, 2.7543680771110144, 2.259048699004541, 1.8480333665236406, 2.797297943920579, 3.866037823776061, 4.19110983180491, 4.973676765721241, 5.2341995405871025, 4.0043893423603345, 4.102910437405955, 4.487680431521252, 3.1211535885450914, 3.9855017891820346, 5.175583592703172, 4.607253327589355, 5.76263445002714, 5.633392339658692, 3.794253500752046, 4.757194230025018, 4.344919362158349, 3.1676332239028637, 3.4892896830582063, 4.502093190537334, 2.4529931998757912, 2.9275143441662896, 4.022012020570686], [6.326065094620615, 7.005744793593651, 5.991112057015519, 5.089564488716609, 2.711118990772611, 3.9254326514339617, 5.802686788902768, 1.0965272765672838, 1.0961002084958027, 1.919294108740427, 2.748223906886881, 1.4907723667578183, 0.0, 4.571944412619254, 3.93428419984073, 5.367997433930487, 4.311355545646281, 5.803471243217863, 6.038661646108315, 4.28571757915932, 5.038598083953865, 4.785230163774669, 3.744512747627053, 4.856714212281186, 4.213761638407512, 5.683716434772572, 6.170949915013353, 2.0110561218067233, 0.8695733996927002, 3.2168960473208874, 4.105451759376315, 2.80348692198896, 3.552413103405271, 5.031630144357541, 5.571059462029703, 3.8660882628330446, 1.2588826974065974, 1.8818348745795193, 1.1985497085390542, 1.950434914018646, 3.9976956630267533, 4.345931414369412, 2.669324243777906, 3.440725088218985, 4.049724639274646, 4.4842620066307015, 3.4782417034653084, 2.6893288918874565, 3.1849623088903782, 3.7653527011196024, 4.416179776774105, 4.3508885180434715, 4.1362552974747295, 4.534806641819227, 2.7423236712931636, 2.6256003167368975, 3.1275306164093544, 1.9151447868539158, 2.897263523632118, 3.8978445646536652, 3.542116436603129, 4.78451324138011, 4.356026118804116, 2.92100316559144, 3.691025409518513, 3.521147632521451, 2.2459988752743523, 2.305437864762344, 3.2984314583946155, 1.9168348200122718, 2.7826653372234755, 3.705124766530831], [8.351274904920018, 8.130862376354369, 9.858503851879192, 2.8803343046377976, 2.2977580081901277, 1.504847801442329, 10.039400512471932, 5.2488327596780575, 4.435675927581623, 5.418901591996479, 2.2349953849375668, 3.360820998937082, 4.571944412619254, 0.0, 0.9219829513253425, 0.9017151049938896, 1.3041444176159027, 1.404783703974459, 10.518683086495878, 8.856829768095134, 9.609712023069909, 9.321900972478339, 8.236574705831663, 5.137700622313249, 3.5279524503335726, 5.117293481066328, 6.837797044482499, 5.922711406440832, 5.204204253448162, 7.355520480049527, 8.348325636042002, 6.696375740651815, 7.261621633518106, 8.815873908995973, 8.585475457670139, 2.249730338071312, 4.667882088099959, 6.021587701795443, 5.7445998611813405, 6.3564366283313225, 7.831248574849061, 7.805440127493012, 6.565669273137253, 7.27034341981088, 8.377479617475418, 9.022852972346131, 5.205312048822105, 5.178345651147617, 3.4718945914954507, 4.826707773218059, 6.289922473522617, 7.020035066053719, 5.959151750568999, 5.862539051362186, 7.2887377581883985, 7.094767996058747, 7.699394082578149, 6.422193942712175, 7.331355148218582, 8.456385582866474, 7.960516489347408, 6.887520394519218, 7.507081638048036, 5.2031726592792875, 6.275500625831747, 5.478150889134219, 4.900990329852507, 5.552518846848859, 6.371458757948251, 4.0238500369910355, 3.531373409871779, 4.28995743162893], [8.408095596645426, 8.359476526533404, 9.52303541879272, 3.488769030820668, 1.431287362792264, 0.6476916311714745, 9.588550207720179, 4.49165045628655, 3.647724222893513, 4.576975703466686, 2.074874258423733, 2.595037248088574, 3.93428419984073, 0.9219829513253425, 0.0, 1.4710258986666893, 1.8602724394841874, 2.3196489906448146, 9.958838171854795, 8.202743073401908, 8.935715111595819, 8.719217440517754, 7.664606503693068, 5.399094922021032, 3.8418890436948945, 5.549567251228901, 7.112411401821351, 5.495540976410893, 4.6506460680080135, 6.909739580357577, 7.882566300948142, 6.300271028234539, 6.9247772144101525, 8.4902940648554, 8.439331921257851, 1.3848719046236404, 4.244702189277542, 5.232321862407424, 5.063033533921797, 5.81073141080059, 6.969564753744488, 6.913466005859128, 5.7302341426287065, 6.415325472348323, 7.584787476588961, 8.305466309452257, 4.283457587810105, 4.275713469075459, 2.55079843962587, 3.9094671769661704, 5.369117247923082, 6.101915870244519, 5.962035358848995, 5.959311114079001, 6.5889284074403065, 6.5301418244513245, 7.042782718129734, 5.709396093715114, 6.578881735032685, 7.760834450690498, 7.196170495373471, 6.880362982563561, 7.303664695165906, 5.058356199823902, 6.142301874978608, 5.421631271855708, 4.651771614054168, 5.242593893496317, 6.142795643092008, 3.754855031178984, 3.4813367301465084, 4.4069169252294005], [9.213473643444182, 8.931899426388512, 10.755185975315962, 3.5056622481168493, 2.8907928409973396, 1.804289520094998, 10.91626984834409, 5.961824719787309, 5.118618037343714, 6.032834237293813, 3.134802206588248, 4.064428502013736, 5.367997433930487, 0.9017151049938896, 1.4710258986666893, 0.0, 2.0789301152991415, 1.283917549515674, 11.360397905140456, 9.64969439216215, 10.390343601222218, 10.143380292603275, 9.07133579356232, 5.941643399665506, 4.328958723318391, 5.827774530124064, 7.623392266035997, 6.800799845933199, 6.041585578896664, 8.231327271191155, 9.22006971209674, 7.582026059026605, 8.156780997523038, 9.713134655457397, 9.483627465262014, 2.4501310381443857, 5.54396652016292, 6.70255659274057, 6.516829096856659, 7.199432291627035, 8.406345001776275, 8.30974913415496, 7.187275530129168, 7.858812554958268, 9.053738545395952, 9.771541060945028, 5.556155668088164, 5.660491983905411, 3.8114520233303684, 5.0955121507350505, 6.579049756909536, 7.410960794768109, 6.8399188065306875, 6.721154001885549, 8.049939910446819, 7.931298150776152, 8.48979395606663, 7.173024813132726, 8.049322574357769, 9.221433014681011, 8.667186269619137, 7.767997653554072, 8.408581546242363, 6.103506049106424, 7.174177808833341, 6.369934916219881, 5.801350331086767, 6.448991405512156, 7.273079036892658, 4.921746088429486, 4.427882366172173, 5.152025392162584], [7.157284643264031, 6.855192806045149, 9.003101412909396, 1.6316261067235271, 2.7701432169639446, 2.5044997193605325, 9.329233133812192, 5.193610223737051, 4.495038257006636, 5.579091609791072, 1.5858449627255455, 3.45479888727501, 4.311355545646281, 1.3041444176159027, 1.8602724394841874, 2.0789301152991415, 0.0, 1.6870049806397567, 9.965517259824164, 8.489817158391093, 9.270024796606553, 8.855021957080158, 7.735200991664596, 3.86345601505264, 2.2504216632995786, 3.813571909989092, 5.551550819954023, 5.26009650611164, 4.763023234644663, 6.679769173394249, 7.68197388244646, 5.968220919785791, 6.444806072689131, 7.960650141694909, 7.545493538053137, 3.2202183733276923, 4.056507392871456, 6.01411244142865, 5.5084858506962435, 5.857289752915582, 7.997849469128432, 8.100523328876502, 6.67078901933957, 7.4234653666190376, 8.323728787214936, 8.78054835783134, 5.808743181390548, 5.587710102757493, 4.18250868356804, 5.550061126296704, 6.940655920996951, 7.51254589129388, 4.827057783234721, 4.66512228813085, 7.042373016017231, 6.605668875731275, 7.358476550495265, 6.226186884201706, 7.198848621768454, 8.177539539971283, 7.842939058271798, 5.750072434573932, 6.53596135031428, 4.223654132588836, 5.256417804816054, 4.405552608302783, 4.049474610297098, 4.748437157987099, 5.44855993150005, 3.2477761668779186, 2.5365404765706003, 3.10798732041857], [8.67759779929668, 8.20129865237528, 1