2
1
72
20479
[709, 0, 704, 0, 704, 0, 0, 0, 0, 0, 710, 722, 709, 0, 719, 0, 694, 707, 704, 0, 0, 694, 0, 0, 0, 700, 696, 706, 0, 0, 716, 0, 0, 0, 0, 0, 0, 723, 0, 0, 700, 700, 0, 0, 719, 0, 0, 705, 714, 0, 0, 690, 0, 0, 706, 0, 0, 691, 0, 725, 722, 0, 0, 0, 701, 712, 0, 0, 0, 0, 0, 0]
[145, 144, 146, 140, 137, 141, 138, 143, 142, 141, 143, 143, 146, 140, 144, 145, 142, 137, 138, 142, 141, 145, 141, 139, 140, 142, 139, 137, 142, 146, 143, 139, 145, 146, 146, 143, 137, 145, 143, 146, 138, 138, 141, 143, 144, 141, 137, 145, 138, 137, 141, 146, 138, 146, 142, 143, 141, 144, 146, 139, 137, 146, 139, 143, 142, 146, 143, 142, 137, 146, 145, 142]
[[0, 0, 0, 0, 0, 0, 0, 0, 0, 0, 0, 0, 0, 0, 0, 0, 0, 0, 0, 0, 0, 0, 0, 0, 0, 0, 0, 0, 0, 1, 1, 0, 0, 0, 0, 0, 0, 0, 0, 0, 0, 0, 0, 0, 0, 0, 0, 0, 0, 0, 0, 0, 0, 0, 0, 0, 0, 0, 0, 0, 0, 0, 0, 0, 0, 0, 0, 0, 0, 0, 0, 0], [0, 0, 0, 0, 0, 0, 0, 0, 0, 0, 0, 1, 1, 0, 0, 0, 0, 0, 0, 0, 0, 1, 1, 0, 0, 0, 0, 0, 0, 0, 0, 0, 0, 0, 0, 0, 0, 0, 0, 0, 0, 0, 0, 0, 0, 0, 0, 0, 0, 0, 0, 0, 0, 0, 0, 0, 0, 0, 0, 0, 0, 0, 0, 0, 0, 0, 0, 0, 0, 0, 0, 0], [0, 0, 0, 0, 0, 0, 1, 0, 0, 1, 0, 0, 0, 0, 0, 0, 0, 0, 0, 0, 0, 0, 0, 0, 0, 0, 0, 0, 0, 0, 0, 0, 0, 0, 0, 0, 1, 0, 0, 0, 0, 0, 0, 0, 0, 0, 0, 0, 0, 0, 0, 0, 0, 0, 0, 0, 0, 0, 0, 0, 0, 0, 0, 0, 0, 0, 0, 0, 0, 0, 0, 0], [0, 0, 0, 0, 0, 0, 1, 0, 0, 0, 0, 0, 0, 0, 0, 0, 0, 0, 1, 1, 0, 0, 0, 0, 0, 0, 0, 0, 0, 0, 0, 0, 0, 0, 0, 0, 0, 0, 0, 0, 0, 0, 0, 0, 0, 0, 0, 0, 0, 0, 0, 0, 0, 0, 0, 0, 0, 0, 0, 0, 0, 0, 0, 0, 0, 0, 0, 0, 0, 0, 0, 0], [0, 0, 0, 0, 0, 0, 0, 0, 0, 0, 0, 1, 0, 0, 0, 0, 0, 0, 0, 0, 0, 1, 0, 0, 0, 0, 0, 0, 0, 0, 0, 0, 0, 0, 0, 0, 0, 0, 0, 0, 0, 0, 0, 0, 0, 0, 0, 0, 0, 0, 0, 0, 0, 0, 0, 0, 0, 0, 0, 0, 0, 0, 0, 0, 0, 0, 0, 0, 0, 0, 0, 0], [0, 0, 0, 0, 0, 0, 0, 0, 0, 0, 1, 0, 0, 0, 0, 0, 0, 0, 0, 0, 0, 0, 1, 1, 0, 0, 0, 0, 0, 0, 0, 0, 0, 0, 0, 0, 0, 0, 0, 0, 0, 0, 0, 0, 0, 0, 0, 0, 0, 0, 0, 0, 0, 0, 0, 0, 0, 0, 0, 0, 0, 0, 0, 0, 0, 0, 0, 0, 0, 0, 0, 0], [0, 0, 1, 1, 0, 0, 0, 1, 0, 0, 0, 0, 0, 0, 0, 0, 0, 0, 0, 0, 0, 0, 0, 0, 0, 0, 1, 0, 0, 0, 0, 0, 0, 0, 0, 0, 0, 0, 0, 0, 0, 0, 0, 0, 0, 0, 0, 0, 0, 0, 0, 0, 0, 0, 0, 0, 0, 0, 0, 0, 0, 0, 0, 0, 0, 0, 0, 0, 0, 0, 0, 0], [0, 0, 0, 0, 0, 0, 1, 0, 0, 0, 0, 0, 0, 0, 0, 0, 0, 0, 0, 0, 0, 0, 0, 0, 0, 1, 1, 0, 0, 0, 0, 0, 0, 0, 0, 1, 1, 0, 0, 0, 0, 0, 0, 0, 0, 0, 0, 0, 0, 0, 0, 0, 0, 0, 0, 0, 0, 0, 0, 0, 0, 0, 0, 0, 0, 0, 0, 0, 0, 0, 0, 0], [0, 0, 0, 0, 0, 0, 0, 0, 0, 1, 0, 0, 0, 0, 0, 0, 0, 0, 0, 0, 0, 0, 0, 0, 0, 0, 0, 0, 0, 0, 1, 0, 0, 1, 0, 0, 0, 0, 0, 0, 0, 0, 0, 0, 0, 0, 0, 0, 0, 0, 0, 0, 0, 0, 0, 0, 0, 0, 0, 0, 0, 0, 0, 0, 0, 0, 0, 0, 0, 0, 0, 0], [0, 0, 1, 0, 0, 0, 0, 0, 1, 0, 0, 0, 0, 0, 0, 0, 0, 0, 0, 0, 0, 0, 0, 0, 0, 0, 0, 0, 0, 0, 0, 0, 0, 0, 1, 0, 1, 0, 0, 0, 0, 0, 0, 0, 0, 0, 0, 0, 0, 0, 0, 0, 0, 0, 0, 0, 0, 0, 0, 0, 0, 0, 0, 0, 0, 0, 0, 0, 0, 0, 0, 0], [0, 0, 0, 0, 0, 1, 0, 0, 0, 0, 0, 0, 0, 0, 0, 0, 1, 0, 0, 0, 0, 0, 0, 0, 0, 0, 0, 0, 0, 0, 0, 0, 0, 0, 0, 0, 0, 0, 0, 0, 0, 0, 0, 0, 0, 0, 0, 0, 0, 0, 0, 0, 0, 0, 0, 0, 0, 1, 1, 0, 0, 0, 0, 0, 0, 0, 0, 0, 0, 0, 0, 0], [0, 1, 0, 0, 1, 0, 0, 0, 0, 0, 0, 0, 1, 0, 0, 0, 0, 0, 0, 0, 0, 0, 0, 0, 0, 0, 0, 0, 0, 0, 0, 0, 0, 0, 0, 0, 0, 0, 0, 0, 0, 0, 0, 0, 0, 0, 0, 0, 0, 0, 0, 0, 0, 0, 0, 0, 0, 0, 0, 0, 0, 0, 0, 0, 0, 0, 0, 0, 0, 0, 0, 0], [0, 1, 0, 0, 0, 0, 0, 0, 0, 0, 0, 1, 0, 0, 0, 0, 0, 0, 0, 0, 0, 0, 0, 0, 0, 0, 0, 0, 0, 0, 0, 0, 0, 0, 0, 0, 0, 0, 0, 0, 0, 0, 0, 0, 0, 0, 0, 0, 0, 0, 0, 0, 0, 0, 0, 0, 0, 0, 0, 0, 0, 1, 1, 0, 0, 0, 0, 0, 0, 0, 0, 0], [0, 0, 0, 0, 0, 0, 0, 0, 0, 0, 0, 0, 0, 0, 0, 0, 1, 0, 0, 0, 0, 0, 0, 0, 0, 0, 0, 0, 0, 0, 0, 1, 0, 0, 0, 0, 0, 0, 0, 0, 0, 0, 0, 1, 0, 0, 0, 0, 0, 0, 0, 0, 0, 0, 0, 0, 1, 1, 0, 0, 0, 0, 0, 0, 0, 0, 0, 0, 0, 0, 0, 0], [0, 0, 0, 0, 0, 0, 0, 0, 0, 0, 0, 0, 0, 0, 0, 1, 0, 0, 0, 0, 1, 0, 0, 0, 0, 0, 0, 0, 0, 0, 0, 0, 0, 0, 0, 0, 0, 0, 0, 0, 0, 0, 0, 0, 0, 0, 0, 0, 0, 0, 0, 0, 0, 0, 0, 0, 0, 0, 0, 0, 0, 0, 0, 0, 0, 0, 0, 0, 0, 0, 0, 0], [0, 0, 0, 0, 0, 0, 0, 0, 0, 0, 0, 0, 0, 0, 1, 0, 0, 0, 0, 0, 0, 0, 0, 0, 0, 0, 0, 0, 0, 0, 0, 1, 0, 0, 0, 1, 0, 0, 0, 0, 0, 0, 0, 0, 0, 0, 0, 0, 0, 0, 0, 0, 0, 0, 0, 0, 0, 0, 0, 0, 0, 0, 0, 0, 0, 0, 0, 0, 0, 0, 0, 0], [0, 0, 0, 0, 0, 0, 0, 0, 0, 0, 1, 0, 0, 1, 0, 0, 0, 0, 0, 0, 0, 0, 0, 0, 0, 0, 0, 0, 0, 0, 0, 1, 0, 0, 0, 0, 0, 0, 0, 0, 0, 0, 0, 0, 0, 0, 0, 0, 0, 0, 0, 0, 0, 0, 0, 0, 0, 0, 0, 0, 0, 0, 0, 0, 0, 0, 0, 0, 0, 0, 0, 0], [0, 0, 0, 0, 0, 0, 0, 0, 0, 0, 0, 0, 0, 0, 0, 0, 0, 0, 0, 0, 0, 0, 0, 0, 1, 0, 0, 0, 0, 0, 0, 0, 0, 0, 0, 0, 0, 0, 0, 0, 0, 0, 0, 0, 0, 0, 0, 0, 0, 1, 1, 0, 0, 0, 0, 0, 0, 0, 0, 0, 0, 0, 0, 0, 0, 0, 0, 0, 0, 0, 0, 0], [0, 0, 0, 1, 0, 0, 0, 0, 0, 0, 0, 0, 0, 0, 0, 0, 0, 0, 0, 1, 0, 0, 0, 0, 0, 0, 0, 1, 0, 0, 0, 0, 0, 0, 0, 0, 0, 0, 0, 0, 0, 0, 0, 0, 0, 0, 0, 0, 0, 0, 0, 0, 0, 0, 0, 0, 0, 0, 0, 0, 0, 0, 0, 0, 0, 0, 0, 0, 0, 0, 0, 0], [0, 0, 0, 1, 0, 0, 0, 0, 0, 0, 0, 0, 0, 0, 0, 0, 0, 0, 1, 0, 0, 0, 0, 0, 0, 0, 0, 0, 0, 0, 0, 0, 0, 0, 0, 0, 0, 0, 0, 0, 0, 0, 0, 0, 0, 0, 0, 0, 0, 0, 0, 0, 0, 0, 0, 0, 0, 0, 0, 0, 0, 0, 0, 0, 0, 0, 0, 0, 0, 0, 0, 0], [0, 0, 0, 0, 0, 0, 0, 0, 0, 0, 0, 0, 0, 0, 1, 0, 0, 0, 0, 0, 0, 0, 0, 1, 0, 0, 0, 0, 0, 0, 0, 0, 0, 0, 0, 0, 0, 0, 0, 0, 0, 0, 0, 0, 0, 0, 0, 0, 0, 0, 0, 0, 1, 1, 0, 0, 0, 0, 0, 0, 0, 0, 0, 0, 0, 0, 0, 0, 0, 0, 0, 0], [0, 1, 0, 0, 1, 0, 0, 0, 0, 0, 0, 0, 0, 0, 0, 0, 0, 0, 0, 0, 0, 0, 0, 0, 0, 0, 0, 0, 0, 0, 0, 0, 0, 0, 0, 0, 0, 0, 0, 0, 0, 0, 0, 0, 0, 0, 0, 0, 0, 0, 0, 1, 1, 0, 0, 0, 0, 0, 0, 0, 0, 0, 0, 0, 0, 0, 0, 0, 0, 0, 0, 0], [0, 1, 0, 0, 0, 1, 0, 0, 0, 0, 0, 0, 0, 0, 0, 0, 0, 0, 0, 0, 0, 0, 0, 1, 0, 0, 0, 0, 0, 0, 0, 0, 0, 0, 0, 0, 0, 0, 0, 0, 0, 0, 0, 0, 0, 0, 0, 0, 0, 0, 0, 0, 1, 0, 0, 0, 0, 0, 0, 0, 0, 0, 0, 0, 0, 0, 0, 0, 0, 0, 0, 0], [0, 0, 0, 0, 0, 1, 0, 0, 0, 0, 0, 0, 0, 0, 0, 0, 0, 0, 0, 0, 1, 0, 1, 0, 0, 0, 0, 0, 0, 0, 0, 0, 0, 0, 0, 0, 0, 0, 0, 0, 0, 0, 0, 0, 0, 0, 0, 0, 0, 0, 0, 0, 1, 0, 0, 0, 0, 0, 0, 0, 0, 0, 0, 0, 0, 0, 0, 0, 0, 0, 0, 0], [0, 0, 0, 0, 0, 0, 0, 0, 0, 0, 0, 0, 0, 0, 0, 0, 0, 1, 0, 0, 0, 0, 0, 0, 0, 0, 0, 1, 0, 0, 0, 0, 0, 0, 0, 0, 0, 0, 0, 0, 0, 0, 0, 0, 0, 0, 0, 0, 0, 1, 0, 0, 0, 0, 1, 0, 0, 0, 0, 0, 0, 0, 0, 0, 0, 0, 0, 0, 0, 0, 0, 0], [0, 0, 0, 0, 0, 0, 0, 1, 0, 0, 0, 0, 0, 0, 0, 0, 0, 0, 0, 0, 0, 0, 0, 0, 0, 0, 1, 0, 0, 0, 0, 0, 0, 0, 0, 0, 0, 0, 0, 0, 0, 0, 0, 0, 0, 0, 0, 0, 0, 0, 0, 0, 0, 1, 1, 0, 0, 0, 0, 0, 0, 0, 0, 0, 0, 0, 0, 0, 0, 0, 0, 0], [0, 0, 0, 0, 0, 0, 1, 1, 0, 0, 0, 0, 0, 0, 0, 0, 0, 0, 0, 0, 0, 0, 0, 0, 0, 1, 0, 1, 0, 0, 0, 0, 0, 0, 0, 0, 0, 0, 0, 0, 0, 0, 0, 0, 0, 0, 0, 0, 0, 0, 0, 0, 0, 0, 0, 0, 0, 0, 0, 0, 0, 0, 0, 0, 0, 0, 0, 0, 0, 0, 0, 0], [0, 0, 0, 0, 0, 0, 0, 0, 0, 0, 0, 0, 0, 0, 0, 0, 0, 0, 1, 0, 0, 0, 0, 0, 1, 0, 1, 0, 0, 0, 0, 0, 0, 0, 0, 0, 0, 0, 0, 0, 0, 0, 0, 0, 0, 0, 0, 0, 0, 0, 0, 0, 0, 0, 0, 0, 0, 0, 0, 0, 0, 0, 0, 0, 0, 0, 0, 0, 0, 0, 0, 0], [0, 0, 0, 0, 0, 0, 0, 0, 0, 0, 0, 0, 0, 0, 0, 0, 0, 0, 0, 0, 0, 0, 0, 0, 0, 0, 0, 0, 0, 1, 1, 0, 1, 0, 0, 0, 0, 0, 0, 1, 0, 0, 0, 0, 1, 0, 1, 0, 0, 0, 0, 0, 0, 0, 0, 0, 0, 0, 0, 0, 0, 0, 0, 0, 0, 0, 0, 0, 0, 0, 0, 0], [1, 0, 0, 0, 0, 0, 0, 0, 0, 0, 0, 0, 0, 0, 0, 0, 0, 0, 0, 0, 0, 0, 0, 0, 0, 0, 0, 0, 1, 0, 1, 0, 0, 0, 0, 0, 0, 0, 0, 1, 1, 0, 0, 0, 0, 0, 0, 0, 0, 0, 0, 0, 0, 0, 0, 0, 0, 0, 0, 0, 0, 0, 0, 0, 0, 0, 0, 0, 0, 0, 0, 0], [1, 0, 0, 0, 0, 0, 0, 0, 1, 0, 0, 0, 0, 0, 0, 0, 0, 0, 0, 0, 0, 0, 0, 0, 0, 0, 0, 0, 1, 1, 0, 0, 0, 1, 0, 0, 0, 0, 0, 0, 0, 0, 0, 0, 0, 0, 0, 0, 0, 0, 0, 0, 0, 0, 0, 0, 0, 0, 0, 0, 0, 0, 0, 0, 0, 0, 0, 0, 0, 0, 0, 0], [0, 0, 0, 0, 0, 0, 0, 0, 0, 0, 0, 0, 0, 1, 0, 1, 1, 0, 0, 0, 0, 0, 0, 0, 0, 0, 0, 0, 0, 0, 0, 0, 0, 0, 0, 0, 0, 0, 0, 0, 0, 0, 0, 0, 0, 0, 0, 0, 0, 0, 0, 0, 0, 0, 0, 0, 0, 0, 0, 0, 0, 0, 0, 0, 0, 0, 0, 0, 0, 0, 0, 0], [0, 0, 0, 0, 0, 0, 0, 0, 0, 0, 0, 0, 0, 0, 0, 0, 0, 0, 0, 0, 0, 0, 0, 0, 0, 0, 0, 0, 1, 0, 0, 0, 0, 1, 0, 0, 0, 0, 0, 0, 0, 0, 0, 0, 0, 0, 1, 1, 0, 0, 0, 0, 0, 0, 0, 0, 0, 0, 0, 0, 0, 0, 0, 0, 0, 0, 0, 0, 0, 0, 0, 0], [0, 0, 0, 0, 0, 0, 0, 0, 1, 0, 0, 0, 0, 0, 0, 0, 0, 0, 0, 0, 0, 0, 0, 0, 0, 0, 0, 0, 0, 0, 1, 0, 1, 0, 1, 0, 0, 0, 0, 0, 0, 0, 0, 0, 0, 0, 0, 0, 0, 0, 0, 0, 0, 0, 0, 0, 0, 0, 0, 0, 0, 0, 0, 0, 0, 0, 0, 0, 0, 0, 0, 0], [0, 0, 0, 0, 0, 0, 0, 0, 0, 1, 0, 0, 0, 0, 0, 0, 0, 0, 0, 0, 0, 0, 0, 0, 0, 0, 0, 0, 0, 0, 0, 0, 0, 1, 0, 0, 1, 0, 0, 0, 0, 0, 0, 0, 0, 0, 0, 1, 0, 0, 0, 0, 0, 0, 0, 0, 0, 0, 0, 0, 0, 0, 0, 0, 0, 0, 0, 0, 0, 0, 0, 0], [0, 0, 0, 0, 0, 0, 0, 1, 0, 0, 0, 0, 0, 0, 0, 1, 0, 0, 0, 0, 0, 0, 0, 0, 0, 0, 0, 0, 0, 0, 0, 0, 0, 0, 0, 0, 0, 0, 0, 0, 0, 0, 0, 0, 0, 1, 0, 0, 0, 0, 0, 0, 0, 1, 0, 0, 0, 0, 0, 0, 0, 0, 0, 0, 0, 0, 0, 0, 0, 0, 0, 0], [0, 0, 1, 0, 0, 0, 0, 1, 0, 1, 0, 0, 0, 0, 0, 0, 0, 0, 0, 0, 0, 0, 0, 0, 0, 0, 0, 0, 0, 0, 0, 0, 0, 0, 1, 0, 0, 0, 0, 0, 0, 0, 0, 0, 0, 0, 0, 0, 0, 0, 0, 0, 0, 0, 0, 0, 0, 0, 0, 0, 0, 0, 0, 0, 0, 0, 0, 0, 0, 0, 0, 0], [0, 0, 0, 0, 0, 0, 0, 0, 0, 0, 0, 0, 0, 0, 0, 0, 0, 0, 0, 0, 0, 0, 0, 0, 0, 0, 0, 0, 0, 0, 0, 0, 0, 0, 0, 0, 0, 0, 1, 1, 0, 0, 1, 0, 0, 0, 0, 0, 0, 0, 0, 0, 0, 0, 0, 0, 0, 0, 0, 0, 0, 0, 0, 0, 0, 0, 0, 0, 0, 1, 0, 0], [0, 0, 0, 0, 0, 0, 0, 0, 0, 0, 0, 0, 0, 0, 0, 0, 0, 0, 0, 0, 0, 0, 0, 0, 0, 0, 0, 0, 0, 0, 0, 0, 0, 0, 0, 0, 0, 1, 0, 0, 0, 0, 1, 0, 0, 0, 0, 0, 0, 0, 0, 0, 0, 0, 0, 0, 0, 0, 0, 0, 0, 0, 0, 0, 0, 0, 0, 1, 0, 0, 0, 0], [0, 0, 0, 0, 0, 0, 0, 0, 0, 0, 0, 0, 0, 0, 0, 0, 0, 0, 0, 0, 0, 0, 0, 0, 0, 0, 0, 0, 1, 1, 0, 0, 0, 0, 0, 0, 0, 1, 0, 0, 1, 0, 0, 0, 0, 0, 0, 0, 0, 0, 0, 0, 0, 0, 0, 0, 0, 0, 0, 0, 0, 0, 0, 0, 0, 0, 0, 0, 0, 0, 0, 0], [0, 0, 0, 0, 0, 0, 0, 0, 0, 0, 0, 0, 0, 0, 0, 0, 0, 0, 0, 0, 0, 0, 0, 0, 0, 0, 0, 0, 0, 1, 0, 0, 0, 0, 0, 0, 0, 0, 0, 1, 0, 0, 0, 0, 0, 0, 0, 0, 0, 0, 0, 0, 0, 0, 0, 0, 0, 0, 0, 0, 0, 0, 0, 0, 0, 0, 0, 0, 0, 1, 0, 1], [0, 0, 0, 0, 0, 0, 0, 0, 0, 0, 0, 0, 0, 0, 0, 0, 0, 0, 0, 0, 0, 0, 0, 0, 0, 0, 0, 0, 0, 0, 0, 0, 0, 0, 0, 0, 0, 0, 0, 0, 0, 0, 1, 1, 1, 0, 1, 0, 0, 0, 0, 0, 0, 0, 0, 0, 0, 0, 0, 0, 0, 0, 0, 0, 0, 0, 0, 0, 0, 0, 0, 0], [0, 0, 0, 0, 0, 0, 0, 0, 0, 0, 0, 0, 0, 0, 0, 0, 0, 0, 0, 0, 0, 0, 0, 0, 0, 0, 0, 0, 0, 0, 0, 0, 0, 0, 0, 0, 0, 1, 1, 0, 0, 1, 0, 0, 0, 0, 0, 0, 0, 0, 0, 0, 0, 0, 0, 0, 1, 0, 0, 0, 0, 0, 0, 0, 0, 0, 0, 0, 0, 0, 0, 0], [0, 0, 0, 0, 0, 0, 0, 0, 0, 0, 0, 0, 0, 1, 0, 0, 0, 0, 0, 0, 0, 0, 0, 0, 0, 0, 0, 0, 0, 0, 0, 0, 0, 0, 0, 0, 0, 0, 0, 0, 0, 1, 0, 0, 0, 1, 0, 0, 0, 0, 0, 0, 0, 0, 0, 0, 1, 0, 0, 0, 0, 0, 0, 0, 0, 0, 0, 0, 0, 0, 0, 0], [0, 0, 0, 0, 0, 0, 0, 0, 0, 0, 0, 0, 0, 0, 0, 0, 0, 0, 0, 0, 0, 0, 0, 0, 0, 0, 0, 0, 1, 0, 0, 0, 0, 0, 0, 0, 0, 0, 0, 0, 0, 1, 0, 0, 0, 0, 1, 0, 0, 0, 0, 0, 0, 0, 0, 0, 0, 0, 0, 0, 0, 0, 0, 0, 0, 0, 0, 0, 0, 0, 0, 0], [0, 0, 0, 0, 0, 0, 0, 0, 0, 0, 0, 0, 0, 0, 0, 0, 0, 0, 0, 0, 0, 0, 0, 0, 0, 0, 0, 0, 0, 0, 0, 0, 0, 0, 0, 1, 0, 0, 0, 0, 0, 0, 0, 1, 0, 0, 0, 1, 0, 0, 0, 0, 0, 0, 0, 0, 0, 0, 0, 0, 0, 0, 0, 0, 0, 0, 0, 0, 0, 0, 0, 0], [0, 0, 0, 0, 0, 0, 0, 0, 0, 0, 0, 0, 0, 0, 0, 0, 0, 0, 0, 0, 0, 0, 0, 0, 0, 0, 0, 0, 1, 0, 0, 0, 1, 0, 0, 0, 0, 0, 0, 0, 0, 1, 0, 0, 1, 0, 0, 0, 0, 0, 0, 0, 0, 0, 0, 0, 0, 0, 0, 0, 0, 0, 0, 0, 0, 0, 0, 0, 0, 0, 0, 0], [0, 0, 0, 0, 0, 0, 0, 0, 0, 0, 0, 0, 0, 0, 0, 0, 0, 0, 0, 0, 0, 0, 0, 0, 0, 0, 0, 0, 0, 0, 0, 0, 1, 0, 1, 0, 0, 0, 0, 0, 0, 0, 0, 0, 0, 1, 0, 0, 0, 0, 0, 0, 0, 0, 0, 0, 0, 0, 0, 0, 0, 0, 0, 0, 0, 0, 0, 0, 0, 0, 0, 0], [0, 0, 0, 0, 0, 0, 0, 0, 0, 0, 0, 0, 0, 0, 0, 0, 0, 0, 0, 0, 0, 0, 0, 0, 0, 0, 0, 0, 0, 0, 0, 0, 0, 0, 0, 0, 0, 0, 0, 0, 0, 0, 0, 0, 0, 0, 0, 0, 0, 1, 1, 0, 1, 0, 0, 0, 0, 0, 0, 0, 0, 0, 0, 0, 0, 0, 0, 0, 0, 0, 0, 0], [0, 0, 0, 0, 0, 0, 0, 0, 0, 0, 0, 0, 0, 0, 0, 0, 0, 1, 0, 0, 0, 0, 0, 0, 1, 0, 0, 0, 0, 0, 0, 0, 0, 0, 0, 0, 0, 0, 0, 0, 0, 0, 0, 0, 0, 0, 0, 0, 1, 0, 0, 0, 0, 0, 1, 0, 0, 0, 0, 0, 0, 0, 0, 0, 0, 0, 0, 0, 0, 0, 0, 0], [0, 0, 0, 0, 0, 0, 0, 0, 0, 0, 0, 0, 0, 0, 0, 0, 0, 1, 0, 0, 0, 0, 0, 0, 0, 0, 0, 0, 0, 0, 0, 0, 0, 0, 0, 0, 0, 0, 0, 0, 0, 0, 0, 0, 0, 0, 0, 0, 1, 0, 0, 1, 0, 0, 0, 0, 0, 0, 0, 0, 0, 0, 0, 0, 0, 0, 0, 0, 0, 0, 0, 0], [0, 0, 0, 0, 0, 0, 0, 0, 0, 0, 0, 0, 0, 0, 0, 0, 0, 0, 0, 0, 0, 1, 0, 0, 0, 0, 0, 0, 0, 0, 0, 0, 0, 0, 0, 0, 0, 0, 0, 0, 0, 0, 0, 0, 0, 0, 0, 0, 0, 0, 1, 0, 0, 0, 0, 0, 0, 0, 0, 0, 0, 0, 0, 0, 0, 0, 0, 0, 0, 0, 0, 0], [0, 0, 0, 0, 0, 0, 0, 0, 0, 0, 0, 0, 0, 0, 0, 0, 0, 0, 0, 0, 1, 1, 1, 1, 0, 0, 0, 0, 0, 0, 0, 0, 0, 0, 0, 0, 0, 0, 0, 0, 0, 0, 0, 0, 0, 0, 0, 0, 1, 0, 0, 0, 0, 0, 0, 0, 0, 0, 0, 0, 0, 0, 0, 0, 0, 0, 0, 0, 0, 0, 0, 0], [0, 0, 0, 0, 0, 0, 0, 0, 0, 0, 0, 0, 0, 0, 0, 0, 0, 0, 0, 0, 1, 0, 0, 0, 0, 1, 0, 0, 0, 0, 0, 0, 0, 0, 0, 1, 0, 0, 0, 0, 0, 0, 0, 0, 0, 0, 0, 0, 0, 0, 0, 0, 0, 0, 1, 0, 0, 0, 0, 0, 0, 0, 0, 0, 0, 0, 0, 0, 0, 0, 0, 0], [0, 0, 0, 0, 0, 0, 0, 0, 0, 0, 0, 0, 0, 0, 0, 0, 0, 0, 0, 0, 0, 0, 0, 0, 1, 1, 0, 0, 0, 0, 0, 0, 0, 0, 0, 0, 0, 0, 0, 0, 0, 0, 0, 0, 0, 0, 0, 0, 0, 1, 0, 0, 0, 1, 0, 0, 0, 0, 0, 0, 0, 0, 0, 0, 0, 0, 0, 0, 0, 0, 0, 0], [0, 0, 0, 0, 0, 0, 0, 0, 0, 0, 0, 0, 0, 0, 0, 0, 0, 0, 0, 0, 0, 0, 0, 0, 0, 0, 0, 0, 0, 0, 0, 0, 0, 0, 0, 0, 0, 0, 0, 0, 0, 0, 0, 0, 0, 0, 0, 0, 0, 0, 0, 0, 0, 0, 0, 0, 0, 1, 0, 0, 0, 0, 0, 0, 0, 0, 1, 1, 0, 0, 0, 0], [0, 0, 0, 0, 0, 0, 0, 0, 0, 0, 0, 0, 0, 1, 0, 0, 0, 0, 0, 0, 0, 0, 0, 0, 0, 0, 0, 0, 0, 0, 0, 0, 0, 0, 0, 0, 0, 0, 0, 0, 0, 0, 1, 1, 0, 0, 0, 0, 0, 0, 0, 0, 0, 0, 0, 0, 0, 0, 0, 0, 0, 0, 0, 0, 0, 0, 0, 1, 0, 0, 0, 0], [0, 0, 0, 0, 0, 0, 0, 0, 0, 0, 1, 0, 0, 1, 0, 0, 0, 0, 0, 0, 0, 0, 0, 0, 0, 0, 0, 0, 0, 0, 0, 0, 0, 0, 0, 0, 0, 0, 0, 0, 0, 0, 0, 0, 0, 0, 0, 0, 0, 0, 0, 0, 0, 0, 0, 1, 0, 0, 1, 0, 0, 0, 0, 0, 0, 0, 0, 0, 0, 0, 0, 0], [0, 0, 0, 0, 0, 0, 0, 0, 0, 0, 1, 0, 0, 0, 0, 0, 0, 0, 0, 0, 0, 0, 0, 0, 0, 0, 0, 0, 0, 0, 0, 0, 0, 0, 0, 0, 0, 0, 0, 0, 0, 0, 0, 0, 0, 0, 0, 0, 0, 0, 0, 0, 0, 0, 0, 0, 0, 1, 0, 1, 0, 0, 1, 0, 0, 0, 0, 0, 0, 0, 0, 0], [0, 0, 0, 0, 0, 0, 0, 0, 0, 0, 0, 0, 0, 0, 0, 0, 0, 0, 0, 0, 0, 0, 0, 0, 0, 0, 0, 0, 0, 0, 0, 0, 0, 0, 0, 0, 0, 0, 0, 0, 0, 0, 0, 0, 0, 0, 0, 0, 0, 0, 0, 0, 0, 0, 0, 0, 0, 0, 1, 0, 1, 0, 1, 0, 0, 0, 0, 0, 1, 0, 0, 0], [0, 0, 0, 0, 0, 0, 0, 0, 0, 0, 0, 0, 0, 0, 0, 0, 0, 0, 0, 0, 0, 0, 0, 0, 0, 0, 0, 0, 0, 0, 0, 0, 0, 0, 0, 0, 0, 0, 0, 0, 0, 0, 0, 0, 0, 0, 0, 0, 0, 0, 0, 0, 0, 0, 0, 0, 0, 0, 0, 1, 0, 0, 0, 0, 0, 0, 1, 0, 0, 0, 0, 0], [0, 0, 0, 0, 0, 0, 0, 0, 0, 0, 0, 0, 1, 0, 0, 0, 0, 0, 0, 0, 0, 0, 0, 0, 0, 0, 0, 0, 0, 0, 0, 0, 0, 0, 0, 0, 0, 0, 0, 0, 0, 0, 0, 0, 0, 0, 0, 0, 0, 0, 0, 0, 0, 0, 0, 0, 0, 0, 0, 0, 0, 0, 1, 0, 0, 0, 0, 0, 0, 0, 0, 0], [0, 0, 0, 0, 0, 0, 0, 0, 0, 0, 0, 0, 1, 0, 0, 0, 0, 0, 0, 0, 0, 0, 0, 0, 0, 0, 0, 0, 0, 0, 0, 0, 0, 0, 0, 0, 0, 0, 0, 0, 0, 0, 0, 0, 0, 0, 0, 0, 0, 0, 0, 0, 0, 0, 0, 0, 0, 0, 1, 1, 0, 1, 0, 0, 0, 0, 0, 0, 1, 0, 0, 0], [0, 0, 0, 0, 0, 0, 0, 0, 0, 0, 0, 0, 0, 0, 0, 0, 0, 0, 0, 0, 0, 0, 0, 0, 0, 0, 0, 0, 0, 0, 0, 0, 0, 0, 0, 0, 0, 0, 0, 0, 0, 0, 0, 0, 0, 0, 0, 0, 0, 0, 0, 0, 0, 0, 0, 0, 0, 0, 0, 0, 0, 0, 0, 0, 1, 0, 0, 0, 0, 0, 0, 0], [0, 0, 0, 0, 0, 0, 0, 0, 0, 0, 0, 0, 0, 0, 0, 0, 0, 0, 0, 0, 0, 0, 0, 0, 0, 0, 0, 0, 0, 0, 0, 0, 0, 0, 0, 0, 0, 0, 0, 0, 0, 0, 0, 0, 0, 0, 0, 0, 0, 0, 0, 0, 0, 0, 0, 0, 0, 0, 0, 0, 0, 0, 0, 1, 0, 0, 0, 0, 1, 0, 1, 0], [0, 0, 0, 0, 0, 0, 0, 0, 0, 0, 0, 0, 0, 0, 0, 0, 0, 0, 0, 0, 0, 0, 0, 0, 0, 0, 0, 0, 0, 0, 0, 0, 0, 0, 0, 0, 0, 0, 0, 0, 0, 0, 0, 0, 0, 0, 0, 0, 0, 0, 0, 0, 0, 0, 0, 0, 0, 0, 0, 0, 0, 0, 0, 0, 0, 0, 1, 0, 1, 1, 1, 1], [0, 0, 0, 0, 0, 0, 0, 0, 0, 0, 0, 0, 0, 0, 0, 0, 0, 0, 0, 0, 0, 0, 0, 0, 0, 0, 0, 0, 0, 0, 0, 0, 0, 0, 0, 0, 0, 0, 0, 0, 0, 0, 0, 0, 0, 0, 0, 0, 0, 0, 0, 0, 0, 0, 0, 1, 0, 0, 0, 0, 1, 0, 0, 0, 0, 1, 0, 0, 0, 0, 0, 0], [0, 0, 0, 0, 0, 0, 0, 0, 0, 0, 0, 0, 0, 0, 0, 0, 0, 0, 0, 0, 0, 0, 0, 0, 0, 0, 0, 0, 0, 0, 0, 0, 0, 0, 0, 0, 0, 0, 1, 0, 0, 0, 0, 0, 0, 0, 0, 0, 0, 0, 0, 0, 0, 0, 0, 1, 1, 0, 0, 0, 0, 0, 0, 0, 0, 0, 0, 0, 0, 0, 0, 0], [0, 0, 0, 0, 0, 0, 0, 0, 0, 0, 0, 0, 0, 0, 0, 0, 0, 0, 0, 0, 0, 0, 0, 0, 0, 0, 0, 0, 0, 0, 0, 0, 0, 0, 0, 0, 0, 0, 0, 0, 0, 0, 0, 0, 0, 0, 0, 0, 0, 0, 0, 0, 0, 0, 0, 0, 0, 0, 0, 1, 0, 0, 1, 0, 1, 1, 0, 0, 0, 0, 1, 0], [0, 0, 0, 0, 0, 0, 0, 0, 0, 0, 0, 0, 0, 0, 0, 0, 0, 0, 0, 0, 0, 0, 0, 0, 0, 0, 0, 0, 0, 0, 0, 0, 0, 0, 0, 0, 0, 1, 0, 0, 1, 0, 0, 0, 0, 0, 0, 0, 0, 0, 0, 0, 0, 0, 0, 0, 0, 0, 0, 0, 0, 0, 0, 0, 0, 1, 0, 0, 0, 0, 0, 1], [0, 0, 0, 0, 0, 0, 0, 0, 0, 0, 0, 0, 0, 0, 0, 0, 0, 0, 0, 0, 0, 0, 0, 0, 0, 0, 0, 0, 0, 0, 0, 0, 0, 0, 0, 0, 0, 0, 0, 0, 0, 0, 0, 0, 0, 0, 0, 0, 0, 0, 0, 0, 0, 0, 0, 0, 0, 0, 0, 0, 0, 0, 0, 0, 1, 1, 0, 0, 1, 0, 0, 0], [0, 0, 0, 0, 0, 0, 0, 0, 0, 0, 0, 0, 0, 0, 0, 0, 0, 0, 0, 0, 0, 0, 0, 0, 0, 0, 0, 0, 0, 0, 0, 0, 0, 0, 0, 0, 0, 0, 0, 0, 1, 0, 0, 0, 0, 0, 0, 0, 0, 0, 0, 0, 0, 0, 0, 0, 0, 0, 0, 0, 0, 0, 0, 0, 0, 1, 0, 0, 0, 1, 0, 0]]
[130, 313, 402, 450, 286, 159, 52, 172, 274, 414, 431, 178, 256, 357, 247, 190, 458, 227, 166, 205, 106, 393, 438, 277, 357, 331, 407, 321, 441, 483, 54, 399, 400, 479, 181, 194, 302, 362, 123, 406, 78, 136, 234, 408, 455, 490, 87, 420, 400, 246, 295, 104, 256, 467, 238, 303, 90, 375, 388, 194, 384, 91, 427, 123, 193, 174, 242, 51, 345, 125, 413, 426]
0.03
[[0.0, 9.59456578761394, 5.4471503028616235, 7.423856153091347, 11.792596685760921, 7.799757598258567, 6.444860418837218, 5.983190449992559, 2.299030118146526, 3.7676383849690156, 7.341127729422718, 10.641786324321986, 9.171394681060637, 5.88851035473778, 6.957684381105129, 6.384693439497749, 6.735253855310131, 9.480506660129242, 8.539642158129785, 8.71017329976547, 7.544846660299915, 10.869282993288504, 8.717863135950735, 7.895699200867747, 8.581402766135623, 6.803765189362913, 7.013233446018229, 8.072903580527063, 2.7050886224133985, 1.9346565025148743, 1.402274951184631, 6.087369726498708, 3.156642669401398, 2.7131184787559093, 3.6874078853857957, 5.578260538229755, 4.71340091032197, 4.408747358287244, 5.11676072378535, 3.2087252054540967, 3.529501174604692, 4.19037338445417, 4.503963258561655, 5.107081029361706, 3.6505100338905936, 4.882373940513412, 3.5254788028528545, 4.1598440730225885, 8.838507070468935, 8.725256540240293, 9.794919213704445, 10.404486801264085, 8.676318437326936, 7.1020611600196055, 7.743096838794638, 6.101373664207339, 5.337558145431411, 6.62233879017433, 7.513048620185357, 7.52317354813198, 6.835638874817629, 9.626333151767554, 8.647137399448505, 8.714525253458808, 8.230785597367996, 6.0552351463455105, 6.456355495254869, 5.720120631922731, 7.810750274910418, 4.8675422132385355, 7.00479863602741, 5.1199031281767144], [9.59456578761394, 0.0, 7.654340801328121, 7.845619559401243, 2.3328230266883825, 1.7992685915082463, 6.965194006802985, 5.6653007064568115, 8.668739049819706, 8.115308890800758, 2.3297153571828715, 1.1459339368627628, 1.2445016906536528, 3.713126998850489, 3.033545182066408, 3.648933823982604, 2.864108255651697, 4.58022189844932, 6.750557658257484, 8.101113971600016, 2.7035991810507594, 1.9937656598296858, 0.9666847596712278, 1.8784624336175402, 5.113103513561954, 5.056597664911744, 6.034023362748648, 5.988454744277097, 6.9201752163650525, 8.263012823886312, 8.28363513319084, 3.6179097708326964, 6.534511284970921, 7.274218842292763, 6.910056634667847, 4.839985285878746, 6.75786805342128, 5.759768770689571, 5.040713734618807, 6.822448164609046, 7.354384724704202, 5.410786684027665, 5.297250384946424, 4.49588614221827, 6.004350084794666, 4.959571920472847, 6.080192803006153, 5.8563938390848405, 2.956251273634387, 3.8996892247313744, 3.4693382138004623, 2.8431025073600744, 2.0543565297626505, 4.001665940685452, 4.53573592786616, 3.9885535888940087, 4.407038708294308, 3.211892743042303, 2.68794899655303, 3.596750255410825, 3.8347952074665916, 2.3333524376397907, 3.053583521300134, 6.628691163155747, 5.912101880145927, 5.674079425425068, 4.265637328764983, 4.637170875246197, 4.720397998418893, 5.900760606372161, 6.154479693396396, 6.895750553084558], [5.4471503028616235, 7.654340801328121, 0.0, 1.9768553847515942, 9.155679403879489, 6.338535725005952, 1.1917985683962367, 1.9929520659446127, 3.177263868580237, 1.6983900708107127, 6.313625663356544, 8.787326834403222, 7.988581622247572, 5.2126498116015405, 4.6930416477641606, 4.151904848324118, 5.432969763408071, 5.098214494477873, 3.297141190134257, 3.263758450679196, 4.950939959285542, 7.935065147776738, 6.707512313073729, 5.82827934116253, 3.987918174389343, 2.743335766533798, 2.1735039913164145, 3.108757560474697, 4.7253208048735775, 5.937146743307414, 4.3487346764478785, 4.561519005559017, 3.7077329852870107, 3.239334352919912, 2.2384871412079184, 3.001443367012824, 1.3010554362033875, 6.060160951723672, 6.204312591109976, 5.709755854174112, 6.730027256305055, 4.60562965808565, 5.451207870252616, 4.520173494547529, 4.874010251389644, 3.5611435285111877, 4.124879830418041, 2.9912126827566206, 5.376032176584351, 4.748828052079187, 5.947619649496272, 6.898836348341417, 5.8238217455033245, 3.711450485334304, 3.633457251741655, 6.421944996666911, 5.553555147745473, 6.261932342820676, 7.1182380656154915, 7.873530586061365, 7.287010307600313, 8.999864514267367, 8.605336567002864, 10.667911924915193, 9.91828514641633, 7.905768444519727, 7.2082810960364885, 6.618315298489711, 8.885784896060741, 6.834498713307444, 9.070568005784601, 7.905139366063565], [7.423856153091347, 7.845619559401243, 1.9768553847515942, 0.0, 8.885886134760524, 6.907395357226779, 1.2563807443797914, 2.6852001121286584, 5.147768932348944, 3.6665144066835103, 7.0565359094035705, 8.90591199768118, 8.460380468843628, 6.27667304989341, 5.23365551011479, 4.858995911254382, 6.2242907746296, 4.208469500513188, 1.7632494437724326, 1.2911517333719054, 5.2636160168985135, 7.618961851971646, 6.9852360065692904, 6.2192201663092925, 3.1304789983726984, 2.877886998637151, 1.8334436384071469, 2.0763288394880344, 6.525654763751313, 7.840110657114836, 6.3071087140958655, 5.462197344373598, 5.469282211517981, 5.135445871030784, 4.078482795098223, 3.9783015135466036, 2.996121786617078, 7.610260833119926, 7.610023368736999, 7.453093194058661, 8.490197870525561, 6.116192996783574, 6.931493332731724, 5.768941260817514, 6.511309458476791, 4.846263543010376, 5.788375429027876, 4.55173883435456, 5.099465950200213, 4.245347614258565, 5.326150736028813, 6.372900611704014, 5.8230333431550605, 3.9182592818405495, 3.3312655988583617, 7.595578024494693, 6.829216315916422, 7.2479325788952975, 7.977006786108357, 8.890049374166008, 8.393888779671402, 9.588563644262967, 9.430262510261588, 11.946186708306223, 11.163709091458886, 9.32172161479755, 8.409233480973022, 7.9251910945823, 10.029200879621012, 8.367323963620997, 10.459348720231732, 9.519419371903062], [11.792596685760921, 2.3328230266883825, 9.155679403879489, 8.885886134760524, 0.0, 4.0812456605347265, 8.259270827064856, 7.195107638894271, 10.66326616341618, 9.916521125755224, 4.648267924994499, 1.7650570951685356, 3.333313206237309, 5.96724870714517, 4.937018257100654, 5.559404684870216, 5.079243882117631, 4.898682242332513, 7.449354434945673, 8.809896288962314, 4.431804017935237, 1.2679434367551852, 3.0887124505570878, 3.901045361425677, 5.810160961231805, 6.417228933832748, 7.220497783664044, 6.839777649948211, 9.158169154491846, 10.550916739597387, 10.444717691823575, 5.7167363161245515, 8.672397488222854, 9.344109355539947, 8.832639436157478, 6.664078977362511, 8.477663683120133, 8.086370122414074, 7.372052297466104, 9.127087426298925, 9.684615972168224, 7.645487926279012, 7.600630203192876, 6.690792778524034, 8.265183947217093, 7.006875051992099, 8.267385520768324, 7.868244480253869, 3.8221455257736894, 4.640917538489565, 3.6546451052560207, 2.612445496333522, 3.375266849600018, 5.466927799782072, 5.626240602961422, 6.321278422365907, 6.713305292163911, 5.542213814953487, 4.993097241913548, 5.809082752362503, 6.127157143105283, 3.9993530422373103, 5.048236916130709, 8.547423399563886, 7.905988885905902, 7.952898609168373, 6.569063725615986, 6.9679809168516575, 6.80968408387917, 8.231947658045788, 8.327308666725866, 9.205932967587062], [7.799757598258567, 1.7992685915082463, 6.338535725005952, 6.907395357226779, 4.0812456605347265, 0.0, 5.8553313682724255, 4.421676504476827, 6.966698464681833, 6.550705110629777, 0.6235099705254428, 2.856402684864739, 1.658114410812134, 1.9142588807874354, 1.6850423030900632, 2.1868065016286833, 1.0947271872615745, 4.570692771357514, 6.167156549468091, 7.424684368585151, 1.7201775173014984, 3.423738307509535, 1.0396757638735383, 0.8428911307800917, 4.699140587881023, 4.029753867194153, 5.080698501999672, 5.338672451843385, 5.121131850351742, 6.473956449459227, 6.500693635517143, 1.9351750688697644, 4.767400127135992, 5.538623069436413, 5.277318390828409, 3.3668971321263754, 5.290538731537843, 4.028916755364414, 3.343900697257934, 5.045884422970091, 5.636213318610411, 3.612802371256959, 3.519503919929236, 2.7140634327538793, 4.2057963880457425, 3.2732879493022913, 4.293697284692858, 4.177212987110236, 2.8899170657362077, 3.664414361929313, 3.812377425012013, 3.6716648153574076, 1.98115312724562, 3.0114703730090597, 3.8440590589918315, 2.3578668878328584, 2.633327406041524, 1.5400887872199047, 1.450493761884954, 2.555663947459271, 2.490177460122992, 2.6921372646178754, 2.6383743231977217, 5.882505994507789, 5.093933854793716, 4.274486212327542, 2.8405436336196455, 3.028036305297595, 3.829825807026337, 4.26507028498049, 4.995664544174897, 5.36240847943697], [6.444860418837218, 6.965194006802985, 1.1917985683962367, 1.2563807443797914, 8.259270827064856, 5.8553313682724255, 0.0, 1.4848592264028373, 4.240083187814253, 2.79887684327004, 5.943833401571887, 8.068631482212322, 7.459330022843913, 5.069345651894933, 4.170350975312621, 3.7303709106149507, 5.088260768918395, 3.9627612916581283, 2.1381806922316846, 2.3859492714387764, 4.295132065879323, 7.011476976275299, 6.05632876266684, 5.231301929969329, 2.8414367137401064, 1.9092777923372253, 1.0667531716961953, 1.921288717492144, 5.318868849796372, 6.686435957593825, 5.238127075820773, 4.286161989390555, 4.255985750240337, 3.999480883694984, 2.923984867270157, 2.7613997433466193, 1.820978261069016, 6.354457060657313, 6.3575090989147585, 6.223189172275945, 7.2618266103502425, 4.86021886771444, 5.675227966338156, 4.526877773442729, 5.264060682546903, 3.5957760228556497, 4.547977382722537, 3.3038130124382192, 4.439132708086096, 3.714928912409299, 4.894295888147267, 5.887321790590781, 5.017408915650678, 2.964492675463048, 2.64095506115117, 6.373418058864718, 5.58807572973555, 6.065345552565273, 6.834187533604555, 7.7077642954635825, 7.188290329909808, 8.547466263487786, 8.305285155923526, 10.71525477019202, 9.937354945415509, 8.070378568440312, 7.184878631582828, 6.683126469338379, 8.820667798186367, 7.110978289666291, 9.211633587241149, 8.265586389520339], [5.983190449992559, 5.6653007064568115, 1.9929520659446127, 2.6852001121286584, 7.195107638894271, 4.421676504476827, 1.4848592264028373, 0.0, 4.0525855424333885, 2.8906537486040125, 4.473994806430602, 6.795774213739929, 6.052243935200055, 3.5936889328807164, 2.746041817707816, 2.2624558453917865, 3.6109337552398486, 3.5767488160121736, 2.8298591134661057, 3.6035537586041073, 2.9619209380713403, 5.9949592114784025, 4.723871891622327, 3.857001245979423, 2.6042807000685877, 0.8959527538717906, 1.1944245873789732, 2.173843795706489, 4.314640127899778, 5.813722743739113, 4.636773376539947, 2.8013053039801137, 3.270017333044068, 3.3044265869258598, 2.2995180911805466, 1.2936917515116406, 1.4336079830098534, 5.0505465734403225, 4.970421892929917, 5.100995727208807, 6.130581956873511, 3.568992426584334, 4.339902709305317, 3.102560216801444, 4.063621407307982, 2.2167872124567065, 3.4121022551678597, 2.172374811766318, 3.4732751643952797, 2.9919445188513047, 4.18193451464107, 5.050945428917349, 3.842019499164557, 1.7303621745447402, 1.885026697284671, 4.910466351804097, 4.157979723334568, 4.581294451645854, 5.352587175978709, 6.22401783629252, 5.712330893316197, 7.1087769272266375, 6.827343061326641, 9.262508500718397, 8.478853628521945, 6.671824071340648, 5.724298380030798, 5.2535464468369915, 7.346753224900458, 5.782965400238431, 7.796028895250758, 6.978149799885508], [2.299030118146526, 8.668739049819706, 3.177263868580237, 5.147768932348944, 10.66326616341618, 6.966698464681833, 4.240083187814253, 4.0525855424333885, 0.0, 1.4812602144115643, 6.655241795325778, 9.79231192821151, 8.537446517702335, 5.201738000533241, 5.72868198400226, 5.1042193730012215, 5.875445740953754, 7.629187338293595, 6.36997286790099, 6.43803745885117, 6.241238371433671, 9.596952694780377, 7.719982719551525, 6.823069582743103, 6.633321976716796, 4.935587944514701, 4.935371197820989, 5.990869958245863, 2.787067612695635, 3.297056143437575, 1.5336636243026824, 5.054584474923807, 2.35814134091934, 1.4808588913713803, 1.8656321930682094, 4.041678411277816, 2.6506059529281583, 4.680457875017196, 5.186677167700391, 3.7738644445815375, 4.585562846395747, 3.723082317226432, 4.401775253836686, 4.332073353154811, 3.5113194141789887, 3.7095723674712544, 2.9480963477438498, 2.8138236898424394, 7.2921765838787636, 6.9916138281173135, 8.144424597004155, 8.899112502995074, 7.347914496928708, 5.474362962528072, 5.92010651554862, 5.907407436284838, 4.995336810392193, 6.165082882170422, 7.116965959578867, 7.464174663451681, 6.772479741752173, 9.249782702886222, 8.478385412167972, 9.460139469878873, 8.832582323622221, 6.611380392658657, 6.5038080698897565, 5.766932460909663, 8.10495088632537, 5.373992807906288, 7.728569132886784, 6.090782601324591], [3.7676383849690156, 8.115308890800758, 1.6983900708107127, 3.6665144066835103, 9.916521125755224, 6.550705110629777, 2.79887684327004, 2.8906537486040125, 1.4812602144115643, 0.0, 6.363051480922794, 9.26015855757344, 8.19366484143008, 5.021174076705577, 5.085139027740847, 4.4663760969132404, 5.5083792864465035, 6.414767022042432, 4.937011977055325, 4.956886005584628, 5.506415664418462, 8.770654678122447, 7.1487998644482085, 6.23685026795868, 5.3618775702715595, 3.7843523063674596, 3.59128957645754, 4.6245633847097505, 3.517602242427614, 4.473780597758762, 2.77460267683482, 4.624172663295957, 2.674575986290104, 1.9312534448791983, 1.357833992127446, 3.283166220430394, 1.471090180124974, 5.183536183132885, 5.516310377548635, 4.552036921698931, 5.505881819693131, 3.9027507319175134, 4.714314791118031, 4.188204030878061, 3.9464496981535335, 3.339375315824122, 3.2281264720332805, 2.4873929060278144, 6.321524920212001, 5.882271033181163, 7.07196867143236, 7.918660836946518, 6.543835256591068, 4.511970769378071, 4.769487071047882, 6.005546122899767, 5.0790315491501286, 6.066175687552073, 7.000286536667076, 7.5527840038828495, 6.896253981158281, 9.05684926372444, 8.450773230514098, 9.97192691091014, 9.276647128935824, 7.123892838694041, 6.7149139898913655, 6.030725023767233, 8.387842884667224, 5.94309564669364, 8.285081650354986, 6.863338003285862], [7.341127729422718, 2.3297153571828715, 6.313625663356544, 7.0565359094035705, 4.648267924994499, 0.6235099705254428, 5.943833401571887, 4.473994806430602, 6.655241795325778, 6.363051480922794, 0.0, 3.3077046278854563, 1.8838570352270605, 1.4762186620327427, 1.8525394099512915, 2.213635698517884, 0.8814399053941095, 5.048901129558334, 6.459439398132072, 7.668442569897856, 2.0726854007160873, 4.039759178468425, 1.6555555069309578, 1.3551593208160941, 5.072520044015871, 4.201301256521825, 5.254757372926695, 5.623114340235362, 4.6430945866362965, 5.940341681362035, 6.078462949521292, 1.7680131316879015, 4.38651646017044, 5.198266053854841, 5.048339946372858, 3.31222816529901, 5.188764026640735, 3.4396035705016863, 2.7386648082135716, 4.493722558878441, 5.042504870172009, 3.1546738558951772, 2.9699755107583217, 2.3327678143083808, 3.709946561595544, 3.030315757143218, 3.8756512653685182, 3.9203209393743075, 3.4057812502878613, 4.114571651971756, 4.369584281799149, 4.2823286221187855, 2.544366647598093, 3.2449961673801186, 4.154756423307065, 1.7359735618860905, 2.079571224030022, 0.9201432548555594, 0.9813046939869462, 2.062813391466512, 1.9043692198421265, 2.7073293759369412, 2.3748518489467463, 5.3952090639999915, 4.597583316210626, 3.660762663078597, 2.2317385635338667, 2.405746162197954, 3.33748424258715, 3.6475423501541515, 4.418401064698982, 4.738910049722622], [10.641786324321986, 1.1459339368627628, 8.787326834403222, 8.90591199768118, 1.7650570951685356, 2.856402684864739, 8.068631482212322, 6.795774213739929, 9.79231192821151, 9.26015855757344, 3.3077046278854563, 0.0, 1.6636291226964648, 4.754875028352444, 4.179444404659686, 4.793948523170681, 3.9470738631511226, 5.396359857000296, 7.72003720286583, 9.084280819949145, 3.8377710426205978, 2.1201820573877495, 2.112404583242336, 3.023685073910297, 6.060645341489046, 6.159780771916181, 7.112763557600692, 6.990351371889171, 7.948828212116899, 9.231771619732111, 9.355251725494405, 4.737728488480222, 7.623167950121877, 8.383348949670179, 8.047691120883778, 5.985870218249171, 7.903358005807218, 6.654117775007798, 5.911383801544087, 7.770705156425916, 8.217403573678624, 6.451466347915029, 6.259031969325228, 5.570293116857556, 7.017611741777352, 6.083265427560946, 7.147652170984848, 6.98363928351893, 3.8930656871516214, 4.832879011699741, 4.195622168949056, 3.357815537772233, 3.082891701168582, 5.112728185894491, 5.577733220859386, 4.833956260904465, 5.372612212080973, 4.118184474470956, 3.4199500191591015, 4.1185379859476345, 4.5086822099824975, 2.237587208922997, 3.293129963500728, 6.783163356853822, 6.142097661159654, 6.297804420697077, 4.962801811992639, 5.4448123160029045, 5.061128431801966, 6.700129065456154, 6.597522800091309, 7.591146036795814], [9.171394681060637, 1.2445016906536528, 7.988581622247572, 8.460380468843628, 3.333313206237309, 1.658114410812134, 7.459330022843913, 6.052243935200055, 8.537446517702335, 8.19366484143008, 1.8838570352270605, 1.6636291226964648, 0.0, 3.3552827551978193, 3.306330893201377, 3.840152051601401, 2.690610608012096, 5.605852345726101, 7.559191108985096, 8.87089449162719, 3.197218874153936, 3.2217873138110513, 1.579258182124696, 2.2411961671578156, 5.983353602073345, 5.591994395693702, 6.626943881421189, 6.755370828082774, 6.466323872163816, 7.667402823604026, 7.9399582291019, 3.5695298529998354, 6.266989250669826, 7.082119088984364, 6.901659130014237, 5.024800987591996, 6.948336291650615, 5.046055807511819, 4.294707120426326, 6.195507091541128, 6.5850790569384925, 5.00733630171987, 4.710133764442172, 4.21628001908146, 5.521944563203826, 4.885291074502305, 5.7459505726837286, 5.7842474465178855, 3.9126267747071672, 4.821946362670852, 4.585780834465289, 4.058545426017599, 2.9424577676060815, 4.542237224532215, 5.258702797247929, 3.2144375204321314, 3.841490723058292, 2.5584016522052426, 1.773659488805043, 2.4766223399409615, 2.8451734677715175, 1.2024326211793628, 1.813200887471825, 5.389463609381837, 4.683210510623458, 4.6400828869044055, 3.2998341673945832, 3.802466109112365, 3.516707557774751, 5.049614971969176, 5.001344905366416, 5.92768935703182], [5.88851035473778, 3.713126998850489, 5.2126498116015405, 6.27667304989341, 5.96724870714517, 1.9142588807874354, 5.069345651894933, 3.5936889328807164, 5.201738000533241, 5.021174076705577, 1.4762186620327427, 4.754875028352444, 3.3552827551978193, 0.0, 1.7370494788935946, 1.622752681791247, 0.9057901813835297, 5.2345983940517, 6.0370515981597315, 7.089491452822822, 2.2911464264472308, 5.185858770188021, 2.879919860529593, 2.1741102565726265, 4.933707618422849, 3.607278034280349, 4.596652021246903, 5.214868843259181, 3.2070576824818673, 4.5900607447214945, 4.6068570830376645, 0.9001034225014649, 2.911736072100246, 3.734496054048805, 3.6757334773495782, 2.308250423285224, 3.9885407214653306, 2.338668056437163, 1.8199493805258784, 3.201549890897069, 3.918236857108632, 1.699121994046992, 1.703076288132542, 0.8699237632371419, 2.298512599591141, 1.7029868358099391, 2.4012139968974697, 2.5376325792653507, 3.8384542885186694, 4.269993936952267, 4.889602152050883, 5.100594476988531, 3.242680121764914, 2.910806421565823, 3.910897678898533, 1.343763822180722, 0.908824213805408, 1.05926282256754, 1.9791904361105372, 2.6639962536187536, 2.119074721442822, 4.0658169370752235, 3.4424425237282583, 5.693566556529961, 4.901337403105297, 3.3040617263083556, 2.1546162267906213, 1.8294015599671682, 3.7530664919816683, 2.801647735821467, 4.335494048081307, 4.028754735226799], [6.957684381105129, 3.033545182066408, 4.6930416477641606, 5.23365551011479, 4.937018257100654, 1.6850423030900632, 4.170350975312621, 2.746041817707816, 5.72868198400226, 5.085139027740847, 1.8525394099512915, 4.179444404659686, 3.306330893201377, 1.7370494788935946, 0.0, 0.6274359679820551, 1.1379481841583827, 3.5065974086312464, 4.617948516952936, 5.815903713208732, 0.6118870307104934, 3.9224670087371227, 2.0671285288410206, 1.1581994503503654, 3.3119463949176393, 2.3615033101214964, 3.4160071273727497, 3.780535364679657, 4.460774437092164, 5.986111851235471, 5.5756788242592235, 0.9749606183964338, 3.802189460140143, 4.417399099908811, 3.915766241369917, 1.8064454636123268, 3.728558087314409, 4.03113564858265, 3.5565466799470076, 4.729373509463911, 5.5595326698581875, 3.0232428466157146, 3.33832455185301, 2.0411003577114077, 3.6925649827204583, 2.090153728420857, 3.483769508982997, 2.932251591429484, 2.1308181458696938, 2.540394374529282, 3.184486220173795, 3.530417977932425, 1.724278884734927, 1.3952590156173825, 2.3391115369709667, 2.9461299696713645, 2.6379715994583486, 2.2992758275348213, 2.8178739073741554, 3.8432065397048634, 3.509319752618674, 4.377163134847692, 4.220092785453673, 7.125088291532469, 6.321925019197294, 4.982987295286312, 3.6934927588688673, 3.5256820559662385, 5.087349372834178, 4.537018490658781, 5.939370394375283, 5.76579410777211], [6.384693439497749, 3.648933823982604, 4.151904848324118, 4.858995911254382, 5.559404684870216, 2.1868065016286833, 3.7303709106149507, 2.2624558453917865, 5.1042193730012215, 4.4663760969132404, 2.213635698517884, 4.793948523170681, 3.840152051601401, 1.622752681791247, 0.6274359679820551, 0.0, 1.3653266741424195, 3.706176798696399, 4.441328323120054, 5.554324257312554, 1.1645667263613968, 4.5244107650375796, 2.6824467355148807, 1.7704742170047354, 3.3173132109537713, 2.051143971285338, 3.087073827685151, 3.611356292989368, 3.9540479002271587, 5.5042631969983375, 4.99403946356292, 0.7237542389594727, 3.2291104246381273, 3.8089749357088127, 3.288330722725348, 1.200426596057736, 3.1317593603420586, 3.749263373022583, 3.3738068875497924, 4.318810586026353, 5.207723256300036, 2.5832231557159884, 3.0250843627577804, 1.649355422080218, 3.2493870862515752, 1.5025119090521777, 2.9568595913109417, 2.3160465668827936, 2.544059703078832, 2.7603132198556475, 3.5780031366778244, 4.041595985025345, 2.296657315495802, 1.2899877279199747, 2.290010191961133, 2.9472561286894337, 2.4496285279415684, 2.436118799831009, 3.118011054836502, 4.060196262419247, 3.6322323245520933, 4.856967742615108, 4.577955833788153, 7.254210629849818, 6.454227563568363, 4.925477062858594, 3.7423510855222037, 3.4502380505774517, 5.255379334515542, 4.331797776344413, 5.95286357483657, 5.574580755986413], [6.735253855310131, 2.864108255651697, 5.432969763408071, 6.2242907746296, 5.079243882117631, 1.0947271872615745, 5.088260768918395, 3.6109337552398486, 5.875445740953754, 5.5083792864465035, 0.8814399053941095, 3.9470738631511226, 2.690610608012096, 0.9057901813835297, 1.1379481841583827, 1.3653266741424195, 0.0, 4.588158845402058, 5.732220567262924, 6.893775827239529, 1.5577932127837242, 4.280074130385724, 1.991066515435526, 1.2721964469726141, 4.449316331554766, 3.398766138157315, 4.444478578652827, 4.895254695765858, 4.07961813636316, 5.49104793589764, 5.41964558654097, 0.8914818792841045, 3.6766228768955513, 4.44396519989533, 4.211083238634779, 2.431544787299774, 4.310320860484613, 3.208924022039938, 2.618680460903507, 4.107234724666681, 4.804607307963166, 2.566601691548063, 2.602898037857072, 1.6318378075664424, 3.1900911831667957, 2.1959008936432425, 3.2164662236534625, 3.0973065999014566, 3.0706885357888933, 3.625389448530255, 4.105242576167149, 4.233820838225478, 2.3832974428320264, 2.5098218433847896, 3.473964043914741, 1.8555875453269235, 1.7653492576589294, 1.1627036248035865, 1.752748932470789, 2.724395883481656, 2.3715153727405354, 3.5847388544987497, 3.217071862444994, 5.9882861007549595, 5.185140574340015, 3.90121961514269, 2.5693375065755735, 2.4781543826368586, 3.9551887935746515, 3.59608