4
3
54
14740
[662, 0, 696, 0, 0, 682, 0, 0, 0, 0, 0, 0, 691, 0, 683, 0, 0, 0, 0, 692, 0, 0, 0, 0, 683, 688, 0, 677, 0, 0, 0, 0, 693, 695, 702, 0, 0, 0, 0, 0, 0, 667, 667, 0, 671, 682, 0, 682, 702, 0, 685, 0, 701, 687]
[136, 138, 133, 136, 136, 137, 135, 137, 136, 140, 132, 138, 133, 135, 140, 139, 138, 132, 138, 138, 137, 134, 134, 132, 135, 136, 138, 134, 137, 137, 138, 140, 137, 134, 139, 140, 140, 140, 139, 138, 140, 135, 139, 138, 135, 134, 133, 136, 140, 135, 136, 135, 136, 137]
[[0, 1, 0, 1, 0, 0, 0, 0, 0, 1, 0, 0, 0, 0, 0, 0, 0, 0, 0, 0, 0, 0, 0, 0, 0, 0, 0, 0, 0, 0, 0, 0, 0, 0, 0, 0, 0, 0, 0, 0, 0, 0, 0, 0, 0, 0, 0, 0, 0, 0, 0, 0, 0, 0], [1, 0, 0, 0, 1, 0, 0, 0, 0, 0, 0, 0, 0, 1, 0, 0, 0, 0, 0, 0, 0, 0, 0, 0, 0, 0, 0, 0, 0, 0, 0, 0, 0, 0, 0, 0, 0, 0, 0, 0, 0, 0, 0, 0, 0, 0, 0, 0, 0, 0, 0, 0, 0, 0], [0, 0, 0, 1, 0, 0, 0, 0, 1, 1, 0, 0, 0, 0, 0, 0, 0, 0, 0, 0, 0, 0, 0, 0, 0, 0, 0, 0, 0, 0, 0, 0, 0, 0, 0, 0, 0, 0, 0, 0, 0, 0, 0, 0, 0, 0, 0, 0, 0, 0, 0, 0, 0, 0], [1, 0, 1, 0, 1, 0, 0, 0, 1, 0, 0, 0, 0, 0, 0, 0, 0, 0, 0, 0, 0, 0, 0, 0, 0, 0, 0, 0, 0, 0, 0, 0, 0, 0, 0, 0, 0, 0, 0, 0, 0, 0, 0, 0, 0, 0, 0, 0, 0, 0, 0, 0, 0, 0], [0, 1, 0, 1, 0, 0, 0, 0, 0, 0, 0, 0, 0, 0, 1, 0, 0, 0, 0, 0, 0, 0, 0, 0, 0, 0, 0, 0, 0, 0, 0, 0, 0, 0, 0, 0, 0, 0, 0, 0, 0, 0, 0, 0, 0, 0, 0, 0, 0, 0, 0, 0, 0, 0], [0, 0, 0, 0, 0, 0, 1, 0, 0, 0, 0, 0, 0, 1, 0, 0, 0, 0, 0, 0, 0, 0, 0, 0, 0, 0, 0, 0, 0, 1, 0, 0, 0, 0, 0, 0, 0, 0, 0, 0, 0, 0, 0, 0, 0, 0, 0, 0, 0, 0, 0, 1, 0, 0], [0, 0, 0, 0, 0, 1, 0, 0, 0, 0, 0, 0, 0, 1, 0, 0, 0, 0, 0, 0, 0, 0, 0, 0, 0, 0, 0, 0, 0, 0, 0, 0, 0, 0, 0, 0, 0, 0, 0, 0, 0, 0, 0, 0, 0, 0, 0, 0, 0, 0, 0, 1, 0, 0], [0, 0, 0, 0, 0, 0, 0, 0, 1, 0, 0, 0, 0, 0, 0, 1, 0, 0, 0, 0, 0, 0, 0, 0, 1, 0, 0, 0, 0, 0, 0, 0, 0, 0, 0, 0, 0, 0, 0, 0, 0, 0, 0, 0, 0, 0, 0, 0, 0, 0, 0, 0, 0, 0], [0, 0, 1, 1, 0, 0, 0, 1, 0, 0, 0, 0, 0, 0, 0, 0, 0, 0, 0, 0, 0, 0, 0, 0, 0, 0, 0, 0, 0, 0, 0, 0, 0, 0, 0, 0, 0, 0, 0, 0, 0, 0, 0, 0, 0, 0, 0, 0, 0, 0, 0, 0, 0, 0], [1, 0, 1, 0, 0, 0, 0, 0, 0, 0, 0, 0, 0, 0, 0, 0, 0, 0, 0, 0, 0, 0, 0, 0, 0, 0, 0, 0, 0, 0, 0, 0, 0, 0, 0, 0, 0, 0, 0, 0, 0, 0, 0, 0, 0, 0, 0, 0, 0, 0, 0, 0, 0, 0], [0, 0, 0, 0, 0, 0, 0, 0, 0, 0, 0, 1, 0, 0, 0, 0, 0, 0, 0, 0, 0, 1, 0, 0, 0, 0, 0, 0, 0, 0, 0, 0, 0, 0, 0, 0, 0, 0, 0, 0, 0, 0, 0, 0, 0, 0, 0, 0, 0, 0, 0, 0, 0, 0], [0, 0, 0, 0, 0, 0, 0, 0, 0, 0, 1, 0, 0, 0, 0, 0, 0, 0, 0, 0, 1, 0, 0, 0, 0, 0, 0, 0, 0, 0, 0, 0, 0, 0, 0, 0, 0, 0, 0, 0, 0, 0, 0, 0, 0, 0, 0, 0, 0, 0, 0, 0, 0, 0], [0, 0, 0, 0, 0, 0, 0, 0, 0, 0, 0, 0, 0, 0, 1, 1, 0, 0, 0, 0, 0, 0, 0, 0, 0, 0, 0, 0, 0, 1, 0, 0, 0, 0, 0, 0, 0, 0, 0, 0, 0, 0, 0, 0, 0, 0, 0, 0, 0, 0, 0, 0, 0, 0], [0, 1, 0, 0, 0, 1, 1, 0, 0, 0, 0, 0, 0, 0, 1, 0, 0, 0, 0, 0, 0, 0, 0, 0, 0, 0, 0, 0, 0, 0, 0, 0, 0, 0, 0, 0, 0, 0, 0, 0, 0, 0, 0, 0, 0, 0, 0, 0, 0, 0, 0, 0, 0, 0], [0, 0, 0, 0, 1, 0, 0, 0, 0, 0, 0, 0, 1, 1, 0, 1, 0, 0, 0, 0, 0, 0, 0, 0, 0, 0, 0, 0, 0, 0, 0, 0, 0, 0, 0, 0, 0, 0, 0, 0, 0, 0, 0, 0, 0, 0, 0, 0, 0, 0, 0, 0, 0, 0], [0, 0, 0, 0, 0, 0, 0, 1, 0, 0, 0, 0, 1, 0, 1, 0, 1, 0, 0, 0, 0, 0, 0, 0, 0, 0, 0, 0, 0, 0, 0, 0, 0, 0, 0, 0, 0, 0, 0, 0, 0, 0, 0, 0, 0, 0, 0, 0, 0, 0, 0, 0, 0, 0], [0, 0, 0, 0, 0, 0, 0, 0, 0, 0, 0, 0, 0, 0, 0, 1, 0, 0, 0, 0, 0, 0, 0, 0, 0, 1, 0, 0, 1, 0, 0, 0, 0, 0, 0, 0, 0, 0, 0, 0, 0, 0, 0, 0, 0, 0, 0, 0, 0, 0, 0, 0, 0, 0], [0, 0, 0, 0, 0, 0, 0, 0, 0, 0, 0, 0, 0, 0, 0, 0, 0, 0, 1, 0, 0, 0, 0, 0, 0, 0, 0, 0, 0, 0, 0, 0, 0, 1, 0, 0, 0, 0, 0, 0, 0, 0, 1, 1, 0, 0, 0, 0, 0, 0, 0, 0, 0, 0], [0, 0, 0, 0, 0, 0, 0, 0, 0, 0, 0, 0, 0, 0, 0, 0, 0, 1, 0, 0, 0, 0, 0, 0, 0, 0, 0, 0, 0, 0, 0, 0, 1, 0, 0, 0, 0, 0, 0, 1, 0, 0, 0, 0, 1, 0, 0, 0, 0, 0, 0, 0, 0, 0], [0, 0, 0, 0, 0, 0, 0, 0, 0, 0, 0, 0, 0, 0, 0, 0, 0, 0, 0, 0, 1, 1, 1, 1, 1, 0, 0, 0, 0, 0, 0, 0, 0, 0, 0, 0, 1, 0, 0, 0, 0, 0, 0, 0, 0, 0, 0, 0, 0, 0, 0, 0, 0, 0], [0, 0, 0, 0, 0, 0, 0, 0, 0, 0, 0, 1, 0, 0, 0, 0, 0, 0, 0, 1, 0, 0, 0, 0, 0, 0, 0, 0, 0, 0, 0, 1, 0, 0, 0, 0, 0, 0, 0, 0, 0, 0, 0, 0, 0, 0, 0, 0, 0, 0, 0, 0, 0, 0], [0, 0, 0, 0, 0, 0, 0, 0, 0, 0, 1, 0, 0, 0, 0, 0, 0, 0, 0, 1, 0, 0, 1, 0, 0, 0, 0, 0, 0, 0, 0, 0, 0, 0, 0, 0, 0, 0, 0, 0, 0, 0, 0, 0, 0, 0, 0, 0, 0, 0, 0, 0, 0, 0], [0, 0, 0, 0, 0, 0, 0, 0, 0, 0, 0, 0, 0, 0, 0, 0, 0, 0, 0, 1, 0, 1, 0, 0, 1, 0, 0, 0, 0, 0, 0, 0, 0, 0, 0, 0, 0, 0, 0, 0, 0, 0, 0, 0, 0, 0, 0, 0, 0, 0, 0, 0, 0, 0], [0, 0, 0, 0, 0, 0, 0, 0, 0, 0, 0, 0, 0, 0, 0, 0, 0, 0, 0, 1, 0, 0, 0, 0, 1, 1, 0, 0, 0, 0, 0, 0, 0, 0, 0, 0, 0, 0, 0, 0, 0, 0, 0, 0, 0, 0, 0, 0, 0, 0, 0, 0, 0, 0], [0, 0, 0, 0, 0, 0, 0, 1, 0, 0, 0, 0, 0, 0, 0, 0, 0, 0, 0, 1, 0, 0, 1, 1, 0, 0, 0, 0, 0, 0, 0, 0, 0, 0, 0, 0, 0, 0, 0, 0, 0, 0, 0, 0, 0, 0, 0, 0, 0, 0, 0, 0, 0, 0], [0, 0, 0, 0, 0, 0, 0, 0, 0, 0, 0, 0, 0, 0, 0, 0, 1, 0, 0, 0, 0, 0, 0, 1, 0, 0, 1, 0, 0, 0, 0, 0, 0, 0, 0, 0, 0, 0, 0, 0, 0, 0, 0, 0, 0, 0, 0, 0, 0, 0, 0, 0, 0, 0], [0, 0, 0, 0, 0, 0, 0, 0, 0, 0, 0, 0, 0, 0, 0, 0, 0, 0, 0, 0, 0, 0, 0, 0, 0, 1, 0, 1, 0, 0, 0, 0, 0, 0, 0, 0, 1, 1, 0, 0, 0, 0, 0, 0, 0, 0, 0, 0, 0, 0, 0, 0, 0, 0], [0, 0, 0, 0, 0, 0, 0, 0, 0, 0, 0, 0, 0, 0, 0, 0, 0, 0, 0, 0, 0, 0, 0, 0, 0, 0, 1, 0, 1, 0, 0, 0, 0, 0, 0, 0, 0, 1, 0, 0, 0, 0, 0, 0, 0, 0, 1, 0, 0, 0, 0, 0, 0, 0], [0, 0, 0, 0, 0, 0, 0, 0, 0, 0, 0, 0, 0, 0, 0, 0, 1, 0, 0, 0, 0, 0, 0, 0, 0, 0, 0, 1, 0, 1, 0, 0, 0, 0, 0, 0, 0, 0, 0, 0, 0, 0, 0, 0, 0, 0, 0, 0, 0, 0, 0, 0, 0, 0], [0, 0, 0, 0, 0, 1, 0, 0, 0, 0, 0, 0, 1, 0, 0, 0, 0, 0, 0, 0, 0, 0, 0, 0, 0, 0, 0, 0, 1, 0, 0, 0, 0, 0, 0, 0, 0, 0, 0, 0, 0, 0, 0, 0, 0, 0, 0, 0, 0, 0, 0, 0, 0, 1], [0, 0, 0, 0, 0, 0, 0, 0, 0, 0, 0, 0, 0, 0, 0, 0, 0, 0, 0, 0, 0, 0, 0, 0, 0, 0, 0, 0, 0, 0, 0, 1, 1, 1, 0, 0, 0, 0, 0, 0, 0, 0, 0, 0, 0, 0, 0, 0, 0, 0, 0, 0, 0, 0], [0, 0, 0, 0, 0, 0, 0, 0, 0, 0, 0, 0, 0, 0, 0, 0, 0, 0, 0, 0, 1, 0, 0, 0, 0, 0, 0, 0, 0, 0, 1, 0, 1, 0, 0, 1, 0, 0, 0, 0, 0, 0, 0, 0, 0, 0, 0, 0, 0, 0, 0, 0, 0, 0], [0, 0, 0, 0, 0, 0, 0, 0, 0, 0, 0, 0, 0, 0, 0, 0, 0, 0, 1, 0, 0, 0, 0, 0, 0, 0, 0, 0, 0, 0, 1, 1, 0, 0, 0, 0, 0, 0, 0, 0, 0, 0, 0, 0, 0, 0, 0, 0, 0, 0, 0, 0, 0, 0], [0, 0, 0, 0, 0, 0, 0, 0, 0, 0, 0, 0, 0, 0, 0, 0, 0, 1, 0, 0, 0, 0, 0, 0, 0, 0, 0, 0, 0, 0, 1, 0, 0, 0, 0, 0, 0, 0, 0, 0, 0, 0, 0, 0, 0, 0, 0, 0, 0, 0, 0, 0, 0, 0], [0, 0, 0, 0, 0, 0, 0, 0, 0, 0, 0, 0, 0, 0, 0, 0, 0, 0, 0, 0, 0, 0, 0, 0, 0, 0, 0, 0, 0, 0, 0, 0, 0, 0, 0, 1, 1, 1, 0, 0, 0, 1, 0, 0, 0, 0, 1, 0, 0, 0, 0, 0, 0, 0], [0, 0, 0, 0, 0, 0, 0, 0, 0, 0, 0, 0, 0, 0, 0, 0, 0, 0, 0, 0, 0, 0, 0, 0, 0, 0, 0, 0, 0, 0, 0, 1, 0, 0, 1, 0, 1, 0, 0, 0, 0, 0, 1, 0, 0, 0, 0, 0, 0, 0, 0, 0, 0, 0], [0, 0, 0, 0, 0, 0, 0, 0, 0, 0, 0, 0, 0, 0, 0, 0, 0, 0, 0, 1, 0, 0, 0, 0, 0, 0, 1, 0, 0, 0, 0, 0, 0, 0, 1, 1, 0, 1, 0, 0, 0, 0, 0, 0, 0, 0, 0, 0, 0, 0, 0, 0, 0, 0], [0, 0, 0, 0, 0, 0, 0, 0, 0, 0, 0, 0, 0, 0, 0, 0, 0, 0, 0, 0, 0, 0, 0, 0, 0, 0, 1, 1, 0, 0, 0, 0, 0, 0, 1, 0, 1, 0, 0, 0, 0, 0, 0, 0, 0, 0, 0, 0, 0, 0, 0, 0, 0, 0], [0, 0, 0, 0, 0, 0, 0, 0, 0, 0, 0, 0, 0, 0, 0, 0, 0, 0, 0, 0, 0, 0, 0, 0, 0, 0, 0, 0, 0, 0, 0, 0, 0, 0, 0, 0, 0, 0, 0, 1, 0, 0, 0, 0, 1, 1, 0, 0, 0, 0, 0, 0, 0, 0], [0, 0, 0, 0, 0, 0, 0, 0, 0, 0, 0, 0, 0, 0, 0, 0, 0, 0, 1, 0, 0, 0, 0, 0, 0, 0, 0, 0, 0, 0, 0, 0, 0, 0, 0, 0, 0, 0, 1, 0, 0, 0, 0, 0, 1, 0, 0, 0, 0, 0, 0, 0, 0, 0], [0, 0, 0, 0, 0, 0, 0, 0, 0, 0, 0, 0, 0, 0, 0, 0, 0, 0, 0, 0, 0, 0, 0, 0, 0, 0, 0, 0, 0, 0, 0, 0, 0, 0, 0, 0, 0, 0, 0, 0, 0, 1, 0, 1, 0, 1, 1, 0, 0, 0, 0, 0, 0, 0], [0, 0, 0, 0, 0, 0, 0, 0, 0, 0, 0, 0, 0, 0, 0, 0, 0, 0, 0, 0, 0, 0, 0, 0, 0, 0, 0, 0, 0, 0, 0, 0, 0, 0, 1, 0, 0, 0, 0, 0, 1, 0, 1, 0, 0, 0, 1, 0, 0, 0, 0, 0, 0, 0], [0, 0, 0, 0, 0, 0, 0, 0, 0, 0, 0, 0, 0, 0, 0, 0, 0, 1, 0, 0, 0, 0, 0, 0, 0, 0, 0, 0, 0, 0, 0, 0, 0, 0, 0, 1, 0, 0, 0, 0, 0, 1, 0, 1, 0, 0, 0, 0, 0, 0, 0, 0, 0, 0], [0, 0, 0, 0, 0, 0, 0, 0, 0, 0, 0, 0, 0, 0, 0, 0, 0, 1, 0, 0, 0, 0, 0, 0, 0, 0, 0, 0, 0, 0, 0, 0, 0, 0, 0, 0, 0, 0, 0, 0, 1, 0, 1, 0, 1, 0, 0, 0, 0, 0, 0, 0, 0, 0], [0, 0, 0, 0, 0, 0, 0, 0, 0, 0, 0, 0, 0, 0, 0, 0, 0, 0, 1, 0, 0, 0, 0, 0, 0, 0, 0, 0, 0, 0, 0, 0, 0, 0, 0, 0, 0, 0, 1, 1, 0, 0, 0, 1, 0, 1, 0, 0, 0, 0, 0, 0, 0, 0], [0, 0, 0, 0, 0, 0, 0, 0, 0, 0, 0, 0, 0, 0, 0, 0, 0, 0, 0, 0, 0, 0, 0, 0, 0, 0, 0, 0, 0, 0, 0, 0, 0, 0, 0, 0, 0, 0, 1, 0, 1, 0, 0, 0, 1, 0, 0, 0, 0, 1, 1, 0, 0, 0], [0, 0, 0, 0, 0, 0, 0, 0, 0, 0, 0, 0, 0, 0, 0, 0, 0, 0, 0, 0, 0, 0, 0, 0, 0, 0, 0, 1, 0, 0, 0, 0, 0, 0, 1, 0, 0, 0, 0, 0, 1, 1, 0, 0, 0, 0, 0, 0, 0, 0, 0, 0, 0, 1], [0, 0, 0, 0, 0, 0, 0, 0, 0, 0, 0, 0, 0, 0, 0, 0, 0, 0, 0, 0, 0, 0, 0, 0, 0, 0, 0, 0, 0, 0, 0, 0, 0, 0, 0, 0, 0, 0, 0, 0, 0, 0, 0, 0, 0, 0, 0, 0, 1, 0, 1, 0, 1, 1], [0, 0, 0, 0, 0, 0, 0, 0, 0, 0, 0, 0, 0, 0, 0, 0, 0, 0, 0, 0, 0, 0, 0, 0, 0, 0, 0, 0, 0, 0, 0, 0, 0, 0, 0, 0, 0, 0, 0, 0, 0, 0, 0, 0, 0, 0, 0, 1, 0, 1, 0, 1, 0, 0], [0, 0, 0, 0, 0, 0, 0, 0, 0, 0, 0, 0, 0, 0, 0, 0, 0, 0, 0, 0, 0, 0, 0, 0, 0, 0, 0, 0, 0, 0, 0, 0, 0, 0, 0, 0, 0, 0, 0, 0, 0, 0, 0, 0, 0, 1, 0, 0, 1, 0, 1, 0, 0, 0], [0, 0, 0, 0, 0, 0, 0, 0, 0, 0, 0, 0, 0, 0, 0, 0, 0, 0, 0, 0, 0, 0, 0, 0, 0, 0, 0, 0, 0, 0, 0, 0, 0, 0, 0, 0, 0, 0, 0, 0, 0, 0, 0, 0, 0, 1, 0, 1, 0, 1, 0, 0, 0, 0], [0, 0, 0, 0, 0, 1, 1, 0, 0, 0, 0, 0, 0, 0, 0, 0, 0, 0, 0, 0, 0, 0, 0, 0, 0, 0, 0, 0, 0, 0, 0, 0, 0, 0, 0, 0, 0, 0, 0, 0, 0, 0, 0, 0, 0, 0, 0, 0, 1, 0, 0, 0, 1, 0], [0, 0, 0, 0, 0, 0, 0, 0, 0, 0, 0, 0, 0, 0, 0, 0, 0, 0, 0, 0, 0, 0, 0, 0, 0, 0, 0, 0, 0, 0, 0, 0, 0, 0, 0, 0, 0, 0, 0, 0, 0, 0, 0, 0, 0, 0, 0, 1, 0, 0, 0, 1, 0, 1], [0, 0, 0, 0, 0, 0, 0, 0, 0, 0, 0, 0, 0, 0, 0, 0, 0, 0, 0, 0, 0, 0, 0, 0, 0, 0, 0, 0, 0, 1, 0, 0, 0, 0, 0, 0, 0, 0, 0, 0, 0, 0, 0, 0, 0, 0, 1, 1, 0, 0, 0, 0, 1, 0]]
[58, 348, 219, 78, 362, 289, 296, 334, 444, 482, 112, 67, 148, 245, 420, 129, 421, 369, 444, 490, 190, 353, 455, 195, 243, 137, 343, 348, 440, 156, 211, 187, 392, 397, 270, 442, 55, 308, 95, 259, 113, 114, 493, 449, 228, 309, 473, 143, 248, 78, 121, 137, 294, 309]
0.03
[[0.0, 2.0081507795003297, 1.7375490305768064, 1.543617047923398, 2.1963409734743697, 4.662797242634456, 4.888798123157709, 3.6161561929971926, 2.751807014650049, 1.3193440631515845, 8.589185165535707, 9.079364367579442, 3.860327595630491, 3.5338038515898402, 3.1155311226486715, 3.2970349198225426, 4.225112346942138, 9.67721011968118, 11.361099307642377, 6.511054742770299, 8.51780717940873, 7.660400220614272, 6.13909650476341, 4.7680191427214, 4.5653102296308745, 5.176611526167476, 5.500859525394838, 5.4849582334134075, 4.907741757047131, 4.800345222873883, 9.57760604530234, 9.01642489366469, 10.317552096773468, 9.871595981873122, 7.087161086616326, 7.733830312869297, 6.539459154630389, 6.14139168280397, 9.921224176211702, 10.925887777435959, 8.300139444201426, 7.980502085554337, 8.72419860284381, 9.380793850515536, 10.129261392588239, 8.754342786870895, 6.938528442698517, 6.945989294119371, 7.933028292625146, 8.682054900876821, 7.7674379284102875, 6.1630678441567905, 6.0923790967468054, 6.072319246897527], [2.0081507795003297, 0.0, 2.9484057110583928, 1.7525298565146037, 1.1519306135159988, 2.7212019119322095, 2.8841527871307835, 4.114709055706737, 3.4765418812002666, 3.1278445809716704, 8.91677503474403, 9.258589039312971, 2.5264557385127207, 1.5685180905818092, 1.6745489848672024, 2.7166655446825065, 3.493884435133506, 8.649980119817828, 10.16961518347282, 6.507477834225896, 8.343398787504963, 8.016145657242253, 6.666695441678569, 4.619974378164888, 4.908859221146746, 4.769716769548791, 4.823118422186624, 4.430842946332295, 3.7760466199194935, 3.2663899002589996, 8.758166129839951, 8.476164951364932, 9.51070333197579, 8.924731638767554, 6.188746767794304, 7.078552970999956, 6.002374863105685, 5.276649382197508, 8.399145128477178, 9.465175220763156, 7.052538413059537, 6.957404351982558, 7.789045188199135, 8.203836848958044, 8.811807923676062, 7.207748504484063, 5.732847007321173, 5.175456878599412, 5.940376134219333, 6.831961944093704, 6.084939317762161, 4.1753712072190465, 4.311022491124952, 4.584505900680041], [1.7375490305768064, 2.9484057110583928, 0.0, 1.3008200203621867, 2.347491995567889, 5.043333599659972, 5.626731826887675, 1.9796277556368145, 1.0990296992712496, 1.015258870632057, 6.889934612771863, 7.412531299812018, 3.580730845061332, 4.091484418232271, 3.1361985987734307, 2.501194355628126, 3.334231398777267, 8.653575989388436, 10.439977875188182, 4.951814608333677, 6.987521810233664, 5.961989105226283, 4.420941143862218, 3.3780490340954734, 2.9348708280376465, 3.917962401027815, 4.407311558799701, 4.7003963190952645, 4.259029701124956, 4.57011917731324, 8.398085988545496, 7.66776509207561, 9.112671470795588, 8.779356866047193, 6.055912341354476, 6.496113912402187, 5.275347370266697, 5.141364297380064, 9.374679341773788, 10.283971626541959, 7.5158307551842185, 7.009115667973201, 7.654926971723572, 8.493904580549758, 9.354913276248592, 8.273108302255418, 6.18021335660594, 6.850415043221107, 8.338101164941218, 8.657722790363282, 7.501964961439904, 6.600521392288413, 6.063823060299452, 5.662906776325252], [1.543617047923398, 1.7525298565146037, 1.3008200203621867, 0.0, 1.0537024878396486, 3.761644620889675, 4.327457285648651, 2.4465225030866335, 1.7343248545606442, 1.8825857867006555, 7.3865584170103356, 7.804512127172819, 2.4879093204553557, 2.790681825967761, 1.9022034723421495, 1.7551427882434207, 2.683169153967114, 8.136791692118399, 9.834607501632199, 5.134807377294007, 7.096928970618878, 6.466512283940742, 5.0337811993049355, 3.3137262725414525, 3.323396161744002, 3.6647795440264077, 3.959611820021795, 3.9647006072030413, 3.413293335217031, 3.4741398582970646, 8.036417408510493, 7.5056216005519785, 8.777790244159329, 8.328142596135331, 5.54418624818831, 6.202186682273881, 5.017662004264085, 4.598656516446133, 8.493516598285902, 9.467657794512306, 6.794014985593618, 6.442564031909007, 7.180942434743306, 7.856879548161178, 8.630763411789767, 7.347432328764832, 5.432727647454584, 5.720790968271498, 7.068874469687545, 7.510823762184425, 6.454042131772532, 5.319506738373206, 4.9008965773620154, 4.676879520347056], [2.1963409734743697, 1.1519306135159988, 2.347491995567889, 1.0537024878396486, 0.0, 2.709335745745175, 3.3045156119842902, 3.0756243429186867, 2.5601675108238293, 2.8870011418465826, 7.781761831415187, 8.111086108188438, 1.6799663542418524, 1.7556831504754622, 0.9252278063240814, 1.5691238821337004, 2.387225679008137, 7.695563053302523, 9.297321158807952, 5.356508318118008, 7.196118339467676, 6.887639103353935, 5.5760782796768344, 3.468597519983047, 3.8081642455940963, 3.6281195803019863, 3.7254859701669423, 3.4538498455746875, 2.825779719021894, 2.6040543628076476, 7.728156845269829, 7.374471496092472, 8.47977825779262, 7.9394537721332465, 5.169438646873548, 5.994765742001906, 4.887332226384119, 4.236828357052408, 7.737285613325245, 8.75753948998488, 6.198627079347679, 5.992160603602314, 6.793941403061953, 7.317182916221129, 8.006277154251567, 6.5645673341463775, 4.846801989700212, 4.7766140874118586, 6.019610963096163, 6.541901160538872, 5.574254178060741, 4.266822765471586, 3.934855287713414, 3.88422461326122], [4.662797242634456, 2.7212019119322095, 5.043333599659972, 3.761644620889675, 2.709335745745175, 0.0, 1.1706537142672504, 5.277493632692711, 5.042078683371162, 5.572340728026983, 9.155812269899688, 9.274101976319844, 1.9861941745452008, 1.154084317851345, 1.9481296327457063, 3.248970410945979, 3.355064748485263, 7.009155361552865, 8.218937707264267, 6.570918663542476, 7.955104104712194, 8.370209372149002, 7.386751163326214, 4.881535189303579, 5.704141169849148, 4.63502474597996, 4.270037352389792, 3.3672630851095726, 2.815944333576231, 1.6863523190822132, 7.414410859971923, 7.559568407209003, 8.135440267869662, 7.383783929314565, 4.997330889339363, 6.1383103416657585, 5.399894727858149, 4.310861216264471, 6.058242749086817, 7.1737130281599395, 5.196693389216594, 5.466573838041693, 6.351366391490385, 6.370169695635732, 6.740203511886709, 4.879246911563587, 4.1022393581209995, 2.6090580149439253, 3.314002096463801, 4.139661090403963, 3.6083504139152733, 1.5579790970191956, 1.7863525201903148, 2.63477700842427], [4.888798123157709, 2.8841527871307835, 5.626731826887675, 4.327457285648651, 3.3045156119842902, 1.1706537142672504, 0.0, 6.176295051867489, 5.8191387514726305, 5.9812939777660645, 10.277086562342074, 10.41856948724706, 3.0466027461539844, 1.5517348774461694, 2.77212831848812, 4.204614484103326, 4.444878217654131, 8.088727802196988, 9.198119108345276, 7.695832550481096, 9.120993134848966, 9.472620647045044, 8.421322431485168, 5.956087768109842, 6.698775943974052, 5.7587484900711, 5.426767785703291, 4.537681647589862, 3.978259468376983, 2.856773302913267, 8.542402876363834, 8.724485854159186, 9.254341432095968, 8.48013991720013, 6.157647034357294, 7.305888804700108, 6.566652464248239, 5.481490172938546, 6.88055637399027, 8.00739213097484, 6.248843024210861, 6.59076301358671, 7.474325467583044, 7.409323734354537, 7.6915262860321905, 5.7387698696543765, 5.224941513813664, 3.37594343239017, 3.1893336725784236, 4.581947482692857, 4.4050297387749024, 1.5557366140058346, 2.6805457799121877, 3.736971448254728], [3.6161561929971926, 4.114709055706737, 1.9796277556368145, 2.4465225030866335, 3.0756243429186867, 5.277493632692711, 6.176295051867489, 0.0, 0.8821117805568679, 2.9443417922776116, 4.984878774716382, 5.463408996297555, 3.3635168409338583, 4.665590814696408, 3.404267898961252, 2.0392670494984677, 2.369457563609211, 7.044112232719325, 8.893769229643784, 2.9782818408540077, 5.0169598623880916, 4.057594462937341, 2.5885388684584023, 1.6188526060939554, 0.9570256273775688, 2.2807191661875295, 2.9365265880966493, 3.5994087720077665, 3.408870950050075, 4.1862860770950405, 6.6498577790143285, 5.792912784864696, 7.3326602120108255, 7.102757771955188, 4.529155213240117, 4.73540411876979, 3.531132585575314, 3.715390194433904, 8.237086706699337, 9.019594635017148, 6.191077496212456, 5.502861583620966, 6.025695815078788, 7.024755999487531, 7.977415932324829, 7.249640518373991, 4.961310404050245, 6.353236849189039, 8.315876935854682, 8.13016069532098, 6.7638137073894455, 6.7302017287894556, 5.714458959069427, 4.908448288713085], [2.751807014650049, 3.4765418812002666, 1.0990296992712496, 1.7343248545606442, 2.5601675108238293, 5.042078683371162, 5.8191387514726305, 0.8821117805568679, 0.0, 2.0813262753927297, 5.8374463753479855, 6.335640255664085, 3.2808034394254713, 4.27188669649997, 3.0990930197680897, 1.9932186468489204, 2.6301682054900777, 7.716949139445779, 9.538261733241953, 3.853255459811418, 5.88987492088193, 4.908688327311223, 3.398505629368582, 2.342335008291681, 1.8389210357590053, 2.9370165281183116, 3.50470276268978, 3.9748527309821355, 3.6467137545387485, 4.2110244189830714, 7.3956760755538875, 6.6076897495682285, 8.096785131866293, 7.811161072112437, 5.146492616687333, 5.4832978814829865, 4.264298398201873, 4.269602795568179, 8.67473228157243, 9.52277866591101, 6.712574008033898, 6.115251149126824, 6.70589266086159, 7.624517613986116, 8.533777199419301, 7.626015355896374, 5.418604819023013, 6.4678621052242535, 8.228961604719055, 8.273900908730917, 6.997572995122132, 6.561504928161049, 5.751574960191067, 5.129080387732083], [1.3193440631515845, 3.1278445809716704, 1.015258870632057, 1.8825857867006555, 2.8870011418465826, 5.572340728026983, 5.9812939777660645, 2.9443417922776116, 2.0813262753927297, 0.0, 7.737671855515056, 8.299957582828835, 4.356020048040655, 4.515285427893739, 3.77781993639352, 3.4163480589181305, 4.291518308698778, 9.656859604478246, 11.432118747559906, 5.921963149483282, 7.9609982198031215, 6.816034321026827, 5.248888098156294, 4.391271823136797, 3.8861449431579915, 4.932366056360713, 5.409522011477605, 5.647965532770835, 5.167099414112363, 5.347230850886416, 9.412588559150262, 8.67794522512221, 10.127842343506371, 9.789260068674277, 7.0556298742153505, 7.511323563046707, 6.290591283176339, 6.133735050080812, 10.285741051989158, 11.221453382314557, 8.477931103469375, 8.002997170837927, 8.661748905499735, 9.477759746592593, 10.319681311837115, 9.162290706611753, 7.1313490402306225, 7.602531768447651, 8.885697623381182, 9.39336893945393, 8.319482251627461, 7.120479637073087, 6.783280709661734, 6.514591127687941], [8.589185165535707, 8.91677503474403, 6.889934612771863, 7.3865584170103356, 7.781761831415187, 9.155812269899688, 10.277086562342074, 4.984878774716382, 5.8374463753479855, 7.737671855515056, 0.0, 0.7875918042828377, 7.241887873455239, 8.997753492119475, 7.733319341404447, 6.2991081362668035, 5.841101561409595, 6.161415826918395, 7.815374878066501, 2.585205628785279, 2.1733395982753696, 0.9288105777147266, 2.490221140281303, 4.38105571771313, 4.064696290529353, 4.52110856850377, 4.9581769388803805, 6.001075275743658, 6.396370776990703, 7.551447617812201, 5.175388882406333, 3.7867816855457206, 5.43019433682984, 5.868966084823462, 5.165774009905218, 4.180765034156599, 4.058988427196918, 5.2343370250557335, 8.777105860310868, 8.990508695036063, 6.7261866633761604, 5.680669856218542, 5.437038429649715, 6.750054845726653, 7.7814391054545515, 8.356052396415723, 6.33718216805631, 8.888869336771096, 11.348551011119042, 10.234297453777552, 8.699823689641178, 10.225435437344078, 8.673349894647389, 7.385300083421315], [9.079364367579442, 9.258589039312971, 7.412531299812018, 7.804512127172819, 8.111086108188438, 9.274101976319844, 10.41856948724706, 5.463408996297555, 6.335640255664085, 8.299957582828835, 0.7875918042828377, 0.0, 7.418579831874353, 9.212584424085122, 7.977160963291597, 6.584038145166434, 6.031569512117782, 5.646091562347643, 7.2196713023252475, 2.773207499415302, 1.7174060714219548, 1.5364558197826952, 3.0987967073443157, 4.652643940563421, 4.516270342710132, 4.678774761819416, 5.014181533803872, 6.01288387469425, 6.471975763510411, 7.62825493872652, 4.621907217428233, 3.2497243215765956, 4.801900615045794, 5.315963552313697, 4.96467231289125, 3.8795028114098535, 3.989725747860968, 5.174784866126395, 8.3717186119901, 8.50176172977397, 6.396543651683714, 5.358650130956572, 5.007636586681453, 6.297477057549634, 7.302297441760901, 8.045448613702668, 6.1619084885765485, 8.781859603335972, 11.268805589665051, 10.024051085008804, 8.503957373028426, 10.248827214552454, 8.64223011345634, 7.325354908168891], [3.860327595630491, 2.5264557385127207, 3.580730845061332, 2.4879093204553557, 1.6799663542418524, 1.9861941745452008, 3.0466027461539844, 3.3635168409338583, 3.2808034394254713, 4.356020048040655, 7.241887873455239, 7.418579831874353, 0.0, 1.8232038317449883, 0.8526371229136391, 1.3296120635126598, 1.401284736178252, 6.124110112134543, 7.659881437369789, 4.669006915060475, 6.229693334730642, 6.427485020538522, 5.401501698469242, 2.910709068732448, 3.723110022550636, 2.7400711304820256, 2.5287889107831223, 1.9274719564868954, 1.2660697372317684, 0.9931023223473618, 6.266436506476514, 6.1064536440244686, 7.017527960016269, 6.4054525066064105, 3.7008070771977053, 4.679424374226336, 3.724984043033276, 2.826384330377966, 6.061555097968085, 7.077595327576427, 4.547775570310939, 4.434720604573361, 5.2759633908240495, 5.686896961195064, 6.338909179106117, 4.894550883808617, 3.2125488545480083, 3.2697444271937854, 4.967801279714187, 5.07735674477053, 3.966375438338002, 3.3700297288827086, 2.494721957111318, 2.2125348251415926], [3.5338038515898402, 1.5685180905818092, 4.091484418232271, 2.790681825967761, 1.7556831504754622, 1.154084317851345, 1.5517348774461694, 4.665590814696408, 4.27188669649997, 4.515285427893739, 8.997753492119475, 9.212584424085122, 1.8232038317449883, 0.0, 1.2928435972644952, 2.7619254827689907, 3.1818011672557707, 7.664337164126148, 9.02739467975582, 6.447538831990632, 8.052684403704895, 8.153921808106169, 7.003052442036985, 4.6217651717459916, 5.251383458639965, 4.538930715770762, 4.350269720761392, 3.65203637655837, 3.0079659656905995, 2.121159009093864, 7.935711979028756, 7.887460477412577, 8.678320824015412, 7.996021986866753, 5.407040497981032, 6.454680166844343, 5.543448901004455, 4.5904544530504685, 7.039282937829979, 8.136130350942478, 5.9338434281507295, 6.030296659850711, 6.903451437759331, 7.110206252728663, 7.59648377541312, 5.8473609368750115, 4.705868418232574, 3.6840747975329946, 4.401963558767356, 5.283559883948859, 4.642660245619652, 2.6308248907784133, 2.8278285631639193, 3.3618977462327164], [3.1155311226486715, 1.6745489848672024, 3.1361985987734307, 1.9022034723421495, 0.9252278063240814, 1.9481296327457063, 2.77212831848812, 3.404267898961252, 3.0990930197680897, 3.77781993639352, 7.733319341404447, 7.977160963291597, 0.8526371229136391, 1.2928435972644952, 0.0, 1.4693769884710548, 1.981229957938508, 6.975432099606213, 8.508758977009006, 5.204780389942651, 6.895432819765398, 6.87811832250224, 5.7102413375866, 3.3522869707153604, 3.9596156320096214, 3.3319898578767333, 3.2519436282676972, 2.7632148121140965, 2.1050732815959923, 1.6939036872772544, 7.099244828552221, 6.8829827652710485, 7.851299844599184, 7.252429041152245, 4.5300330528354324, 5.466471889400366, 4.4502556662706025, 3.6339233881134927, 6.846401522166324, 7.883023100796856, 5.394369076435003, 5.283627668082959, 6.119352077634464, 6.5376853150948575, 7.175009470903292, 5.666558915957944, 4.063988228767637, 3.8530091346846005, 5.206992464002933, 5.625144343275115, 4.6519738295973285, 3.4891736997952005, 3.0154992879692597, 2.994951073315751], [3.2970349198225426, 2.7166655446825065, 2.501194355628126, 1.7551427882434207, 1.5691238821337004, 3.248970410945979, 4.204614484103326, 2.0392670494984677, 1.9932186468489204, 3.4163480589181305, 6.2991081362668035, 6.584038145166434, 1.3296120635126598, 2.7619254827689907, 1.4693769884710548, 0.0, 0.9281290303288604, 6.38168168349871, 8.089197795019775, 3.8156247943394774, 5.627325600494031, 5.429076794098318, 4.241319189259142, 1.9317007184986466, 2.4970237216840405, 2.06108015182987, 2.2309675766499426, 2.240327467456856, 1.758473638709307, 2.2202820852761467, 6.29906893240779, 5.8463208509101765, 7.044527887755834, 6.575664012572308, 3.7903743167605746, 4.4975478250024, 3.350150246461249, 2.844454328459658, 6.877504628998261, 7.805116928063803, 5.076827999513551, 4.688558514051064, 5.4277494115790885, 6.115401600247611, 6.91860467552963, 5.771937230545776, 3.722199042185115, 4.475854810840893, 6.295872213328687, 6.283612082042834, 5.03994014484868, 4.691221458775331, 3.7622238273772197, 3.1813205945379344], [4.225112346942138, 3.493884435133506, 3.334231398777267, 2.683169153967114, 2.387225679008137, 3.355064748485263, 4.444878217654131, 2.369457563609211, 2.6301682054900777, 4.291518308698778, 5.841101561409595, 6.031569512117782, 1.401284736178252, 3.1818011672557707, 1.981229957938508, 0.9281290303288604, 0.0, 5.453899996890749, 7.1705461600358955, 3.2722539533707855, 4.914525139340182, 5.027744039178502, 4.056363549033816, 1.5286528591097064, 2.4695495170922963, 1.358466794691761, 1.3386072097446038, 1.3678468331815055, 1.04168832711567, 1.9259981498051295, 5.381994435749832, 4.988219958232094, 6.129734493437473, 5.648563380770317, 2.8627519100551053, 3.609962663426296, 2.50852164376104, 1.9166973286709612, 6.062898826397257, 6.95133278911957, 4.186667975329645, 3.762552689303495, 4.500339134655081, 5.201231532120028, 6.0282038317088285, 4.997490286643695, 2.845997645283122, 3.991573377048022, 6.071986584170278, 5.761112023969766, 4.405952038457607, 4.618372747751811, 3.3969347884621373, 2.542771945280035], [9.67721011968118, 8.649980119817828, 8.653575989388436, 8.136791692118399, 7.695563053302523, 7.009155361552865, 8.088727802196988, 7.044112232719325, 7.716949139445779, 9.656859604478246, 6.161415826918395, 5.646091562347643, 6.124110112134543, 7.664337164126148, 6.975432099606213, 6.38168168349871, 5.453899996890749, 0.0, 1.8793248052199083, 4.879576893186343, 3.9883116494581485, 6.0785555013771955, 6.599132121437357, 5.425330502767794, 6.394451342312801, 4.783832488550875, 4.247340949348602, 4.241836708337406, 4.881586236806097, 5.543350385148014, 1.0671342704614684, 2.3964105215191682, 1.3960274670530268, 0.48672323550758634, 2.604881612033651, 2.439076021406468, 3.539631219888698, 3.5432650122130998, 2.940928468123006, 2.8622574958069054, 1.8648522400074117, 1.7040985773124788, 1.019497945452544, 0.8821204618126071, 1.6867647220895372, 3.1363911616363045, 2.958898399573499, 5.049061726004709, 7.312869848470054, 5.424781333849891, 4.234888243473295, 7.117603252458226, 5.470845070103891, 4.374929341316381], [11.361099307642377, 10.16961518347282, 10.439977875188182, 9.834607501632199, 9.297321158807952, 8.218937707264267, 9.198119108345276, 8.893769229643784, 9.538261733241953, 11.432118747559906, 7.815374878066501, 7.2196713023252475, 7.659881437369789, 9.02739467975582, 8.508758977009006, 8.089197795019775, 7.1705461600358955, 1.8793248052199083, 0.0, 6.7435336045541865, 5.662523905577308, 7.83706345348295, 8.455812591680779, 7.276047816006594, 8.267168620701215, 6.620185388707839, 6.040704385837963, 5.876588379445437, 6.475382068449895, 6.94449042142846, 2.664236944048834, 4.042655953889291, 2.437700044291675, 1.9940282363975665, 4.3927102358778916, 4.316028857808101, 5.411064244840411, 5.299003645284557, 2.7454651444239206, 1.9576804212884622, 3.1174016251089145, 3.4310349857966504, 2.890624589707945, 1.9818674304822539, 1.53062151941152, 3.5857503670608564, 4.451623894802145, 5.9006978379060895, 7.79264074608066, 5.687729187617878, 4.9215322565317665, 8.007533144263483, 6.517577344880493, 5.665498257096231], [6.511054742770299, 6.507477834225896, 4.951814608333677, 5.134807377294007, 5.356508318118008, 6.570918663542476, 7.695832550481096, 2.9782818408540077, 3.853255459811418, 5.921963149483282, 2.585205628785279, 2.773207499415302, 4.669006915060475, 6.447538831990632, 5.204780389942651, 3.8156247943394774, 3.2722539533707855, 4.879576893186343, 6.7435336045541865, 0.0, 2.0391868547595617, 1.8567037286588033, 1.7256321576303946, 1.8883310441049543, 2.0428269917631545, 1.9373161554664506, 2.401491241827263, 3.4637456901123467, 3.819015971685129, 4.971018870431901, 4.180173347256941, 3.0386727677373675, 4.747467152971561, 4.775655090841878, 3.0112295506661733, 2.4575192296783586, 1.729762145246523, 2.7989147314629093, 6.948816486301116, 7.423570749210348, 4.780424517626428, 3.7941514672774908, 3.9203041784749386, 5.181915632328921, 6.238304943839793, 6.288600211027895, 4.052509733178771, 6.4396981550166394, 8.851989101232322, 7.920966578526945, 6.385698832973191, 7.658893853642157, 6.147456069504524, 4.899054434162373], [8.51780717940873, 8.343398787504963, 6.987521810233664, 7.096928970618878, 7.196118339467676, 7.955104104712194, 9.120993134848966, 5.0169598623880916, 5.88987492088193, 7.9609982198031215, 2.1733395982753696, 1.7174060714219548, 6.229693334730642, 8.052684403704895, 6.895432819765398, 5.627325600494031, 4.914525139340182, 3.9883116494581485, 5.662523905577308, 2.0391868547595617, 0.0, 2.229631379132656, 3.291746315141752, 3.785839879070142, 4.080583910691927, 3.579867032860528, 3.712663120675008, 4.60353111566244, 5.143649608931595, 6.274096322733658, 3.0088826079104822, 1.6211092280727033, 3.3242145124476945, 3.7004458570827725, 3.3332726924326104, 2.1921257982786724, 2.5555807444407983, 3.694730860816486, 6.658233275377646, 6.824229635641285, 4.6839339164927605, 3.6504597129677467, 3.2968971187486322, 4.597387584969115, 5.617664402667079, 6.3349766499223525, 4.535022880289497, 7.191696433514584, 9.690335332311728, 8.351196475040465, 6.844869609621296, 8.788772897987851, 7.131886654955582, 5.797779656853387], [7.660400220614272, 8.016145657242253, 5.961989105226283, 6.466512283940742, 6.887639103353935, 8.370209372149002, 9.472620647045044, 4.057594462937341, 4.908688327311223, 6.816034321026827, 0.9288105777147266, 1.5364558197826952, 6.427485020538522, 8.153921808106169, 6.87811832250224, 5.429076794098318, 5.027744039178502, 6.0785555013771955, 7.83706345348295, 1.8567037286588033, 2.229631379132656, 0.0, 1.576807664448151, 3.53300996249879, 3.143174108164427, 3.7472971475151167, 4.256906931108414, 5.320397819702713, 5.659172792248519, 6.803660245173916, 5.172989753000516, 3.809755425757783, 5.546662397655829, 5.849687805846663, 4.708678646355796, 3.871775064706731, 3.498863996463045, 4.631150411877285, 8.505489369755235, 8.831569686654952, 6.3846059863957025, 5.349699483582191, 5.248621028521221, 6.566727113309806, 7.621132181461169, 7.971325463414806, 5.828731613130301, 8.285820205376725, 10.707782503278771, 9.72413987725149, 8.185525470739258, 9.503980677373365, 8.00411207103908, 6.751580766085845], [6.13909650476341, 6.666695441678569, 4.420941143862218, 5.0337811993049355, 5.5760782796768344, 7.386751163326214, 8.421322431485168, 2.5885388684584023, 3.398505629368582, 5.248888098156294, 2.490221140281303, 3.0987967073443157, 5.401501698469242, 7.003052442036985, 5.7102413375866, 4.241319189259142, 4.056363549033816, 6.599132121437357, 8.455812591680779, 1.7256321576303946, 3.291746315141752, 1.576807664448151, 0.0, 2.539819124351224, 1.7699343880690872, 3.0015423666678274, 3.675474776901172, 4.715499175801317, 4.885897501550767, 5.958800737239995, 5.859277431945004, 4.6282744342330995, 6.378612614721171, 6.476922177283075, 4.65778166224109, 4.18304371158021, 3.362187987321835, 4.266626846486161, 8.626717701365111, 9.139007243585356, 6.4527699414507635, 5.493946850048862, 5.645726644683952, 6.904614113187512, 7.959197706152553, 7.89915822774041, 5.595104205613284, 7.7542459405940765, 10.04653795357237, 9.360584822139511, 7.848542714882762, 8.66972007171971, 7.326182624020015, 6.195870004283419], [4.7680191427214, 4.619974378164888, 3.3780490340954734, 3.3137262725414525, 3.468597519983047, 4.881535189303579, 5.956087768109842, 1.6188526060939554, 2.342335008291681, 4.391271823136797, 4.38105571771313, 4.652643940563421, 2.910709068732448, 4.6217651717459916, 3.3522869707153604, 1.9317007184986466, 1.5286528591097064, 5.425330502767794, 7.276047816006594, 1.8883310441049543, 3.785839879070142, 3.53300996249879, 2.539819124351224, 0.0, 1.1565170492943828, 0.6902811273353644, 1.409432972569062, 2.2990161856232136, 2.3637047867496284, 3.4189851499632136, 5.0560131673692625, 4.293254315934673, 5.754478419938253, 5.490039643533156, 2.9260415863944584, 3.142095411891433, 1.9257595019687337, 2.17057822491778, 6.736944003961475, 7.462978989525434, 4.636473057661438, 3.8975023917733957, 4.407106300038585, 5.4203251319386885, 6.391110047009679, 5.820232261629018, 3.484463294421822, 5.295920861461475, 7.5223330460539986, 6.9819536583368755, 5.519959262170152, 6.13089643344765, 4.809478808337356, 3.7539565124022363], [4.5653102296308745, 4.908859221146746, 2.9348708280376465, 3.323396161744002, 3.8081642455940963, 5.704141169849148, 6.698775943974052, 0.9570256273775688, 1.8389210357590053, 3.8861449431579915, 4.064696290529353, 4.516270342710132, 3.723110022550636, 5.251383458639965, 3.9596156320096214, 2.4970237216840405, 2.4695495170922963, 6.394451342312801, 8.267168620701215, 2.0428269917631545, 4.080583910691927, 3.143174108164427, 1.7699343880690872, 1.1565170492943828, 0.0, 1.8299963637797663, 2.5607813259775316, 3.4397222896455095, 3.4290495015777167, 4.393709016004508, 5.902588015596925, 4.94976545222602, 6.555033161626961, 6.4041083025380665, 3.9997256805390244, 4.006833902182466, 2.8561053325061225, 3.3085163053119735, 7.874894354690186, 8.569825579294909, 5.752994656878687, 4.95689039173212, 5.377294715008128, 6.4725726547659175, 7.470819757217847, 6.974247405075028, 4.635383937169963, 6.39548704827783, 8.541425086477, 8.110307055320826, 6.664048249919853, 7.061822037757335, 5.855666385277627, 4.871904414678974], [5.176611526167476, 4.769716769548791, 3.917962401027815, 3.6647795440264077, 3.6281195803019863, 4.63502474597996, 5.7587484900711, 2.2807191661875295, 2.9370165281183116, 4.932366056360713, 4.52110856850377, 4.678774761819416, 2.7400711304820256, 4.538930715770762, 3.3319898578767333, 2.06108015182987, 1.358466794691761, 4.783832488550875, 6.620185388707839, 1.9373161554664506, 3.579867032860528, 3.7472971475151167, 3.0015423666678274, 0.6902811273353644, 1.8299963637797663, 0.0, 0.7344834577568664, 1.7174173511508217, 1.9261835888925634, 3.058558227046228, 4.480222579165079, 3.8416982873685637, 5.1982659989188615, 4.875176870828884, 2.2486627279676012, 2.5843538583357213, 1.369590325671296, 1.4819410657658962, 6.049434596349599, 6.7732113204916375, 3.9462886149061354, 3.2222263615698816, 3.770183263394766, 4.744426221110859, 5.7062606377013525, 5.146652372007056, 2.805922559490367, 4.753977470928102, 7.062366280616862, 6.391267295267841, 4.904384533016578, 5.767834313275634, 4.339632759095037, 3.196777175414646], [5.500859525394838, 4.823118422186624, 4.407311558799701, 3.959611820021795, 3.7254859701669423, 4.270037352389792, 5.426767785703291, 2.9365265880966493, 3.50470276268978, 5.409522011477605, 4.9581769388803805, 5.014181533803872, 2.5287889107831223, 4.350269720761392, 3.2519436282676972, 2.2309675766499426, 1.3386072097446038, 4.247340949348602, 6.040704385837963, 2.401491241827263, 3.712663120675008, 4.256906931108414, 3.675474776901172, 1.409432972569062, 2.5607813259775316, 0.7344834577568664, 0.0, 1.0686127695468186, 1.4583577860075514, 2.614076043681537, 4.076870391519734, 3.653261410610435, 4.818641066141862, 4.393318953566919, 1.6496314754741912, 2.272288902303144, 1.199964864210243, 0.7788640220441796, 5.331456358707127, 6.084163673904309, 3.2550695468566633, 2.612206157727509, 3.2562016763772315, 4.120114306557671, 5.046797215073248, 4.413668331555172, 2.075263085186835, 4.093563478753941, 6.462119530899262, 5.688414517848133, 4.188238761217665, 5.267262089571131, 3.7493434308320337, 2.5360338223481915], [5.4849582334134075, 4.430842946332295, 4.7003963190952645, 3.9647006072030413, 3.4538498455746875, 3.3672630851095726, 4.537681647589862, 3.5994087720077665, 3.9748527309821355, 5.647965532770835, 6.001075275743658, 6.01288387469425, 1.9274719564868954, 3.65203637655837, 2.7632148121140965, 2.240327467456856, 1.3678468331815055, 4.241836708337406, 5.876588379445437, 3.4637456901123467, 4.60353111566244, 5.320397819702713, 4.715499175801317, 2.2990161856232136, 3.4397222896455095, 1.7174173511508217, 1.0686127695468186, 0.0, 0.6615145684853266, 1.6809229515162527, 4.339078967686866, 4.242987088636485, 5.0904039218430555, 4.496653923445304, 1.7742261422209775, 2.8098294246453177, 2.05245216547966, 0.950773566550685, 4.7015179942214775, 5.583872110617999, 2.836653239103156, 2.5390481997976972, 3.3582958236057876, 3.895851782342443, 4.678284519709642, 3.6610847252119627, 1.4834349522621848, 3.038974649527066, 5.393668997456659, 4.685131870226372, 3.224335116974481, 4.237064339812186, 2.683714822573792, 1.48037085234519], [4.907741757047131, 3.7760466199194935, 4.259029701124956, 3.413293335217031, 2.825779719021894, 2.815944333576231, 3.978259468376983, 3.408870950050075, 3.6467137545387485, 5.167099414112363, 6.396370776990703, 6.471975763510411, 1.2660697372317684, 3.0079659656905995, 2.1050732815959923, 1.758473638709307, 1.04168832711567, 4.881586236806097, 6.475382068449895, 3.819015971685129, 5.143649608931595, 5.659172792248519, 4.885897501550767, 2.3637047867496284, 3.4290495015777167, 1.9261835888925634, 1.4583577860075514, 0.6615145684853266, 0.0, 1.1575497909702137, 5.000368033899732, 4.8795011207716765, 5.751512437965533, 5.148699225385627, 2.4355383210168817, 3.446763209572929, 2.5919074550541157, 1.5827832706814182, 5.120169468188933, 6.062537560973995, 3.3930795328698546, 3.183412227263086, 4.014282976269026, 4.493981244597629, 5.222353559456985, 4.015519271469044, 2.032495783795655, 2.973000876276639, 5.161588788468519, 4.725947676573995, 3.36554834358555, 3.845397988669364, 2.4457935691522295, 1.501084151327413], [4.800345222873883, 3.2663899002589996, 4.57011917731324, 3.4741398582970646, 2.6040543628076476, 1.6863523190822132, 2.856773302913267, 4.1862860770950405, 4.2110244189830714, 5.347230850886416, 7.551447617812201, 7.62825493872652, 0.9931023223473618, 2.121159009093864, 1.6939036872772544, 2.2202820852761467, 1.9259981498051295, 5.543350385148014, 6.94449042142846, 4.971018870431901, 6.274096322733658, 6.803660245173916, 5.958800737239995, 3.4189851499632136, 4.393709016004508, 3.058558227046228, 2.614076043681537, 1.6809229515162527, 1.1575497909702137, 0.0, 5.835888332091284, 5.8921