3
2
54
13686
[0, 628, 0, 0, 0, 616, 622, 617, 631, 0, 0, 630, 0, 632, 0, 648, 649, 0, 641, 636, 0, 0, 0, 616, 630, 617, 0, 0, 620, 638, 0, 635, 0, 0, 0, 0, 0, 0, 0, 617, 0, 620, 0, 0, 0, 0, 0, 0, 617, 0, 0, 0, 0, 614]
[122, 129, 128, 130, 129, 126, 124, 122, 130, 122, 125, 126, 122, 126, 126, 123, 129, 122, 126, 123, 123, 130, 127, 129, 127, 130, 129, 123, 129, 126, 122, 129, 128, 125, 124, 126, 126, 129, 129, 123, 123, 127, 124, 125, 126, 122, 130, 126, 126, 129, 124, 123, 126, 130]
[[0, 1, 0, 0, 0, 0, 0, 0, 0, 0, 0, 0, 0, 0, 0, 0, 0, 0, 0, 0, 0, 0, 0, 0, 0, 0, 1, 0, 0, 0, 0, 0, 0, 1, 0, 0, 0, 0, 0, 0, 0, 0, 0, 0, 0, 0, 0, 0, 0, 0, 0, 0, 0, 0], [1, 0, 1, 0, 0, 0, 0, 0, 0, 0, 0, 0, 0, 0, 0, 0, 0, 0, 0, 0, 0, 0, 0, 0, 0, 0, 0, 0, 0, 0, 0, 0, 0, 1, 1, 0, 0, 0, 0, 0, 0, 0, 0, 0, 0, 0, 0, 0, 0, 0, 0, 0, 0, 0], [0, 1, 0, 0, 0, 0, 0, 0, 0, 0, 0, 0, 0, 0, 1, 0, 0, 0, 0, 0, 0, 0, 0, 0, 0, 0, 0, 0, 0, 0, 0, 0, 0, 0, 1, 0, 0, 0, 0, 0, 0, 0, 0, 0, 0, 0, 0, 0, 0, 0, 0, 0, 0, 0], [0, 0, 0, 0, 1, 0, 0, 0, 0, 0, 0, 0, 0, 0, 0, 0, 0, 0, 0, 1, 0, 1, 0, 0, 0, 0, 0, 0, 0, 0, 0, 0, 0, 0, 0, 0, 0, 0, 0, 0, 0, 0, 0, 0, 0, 0, 0, 0, 0, 0, 0, 0, 0, 0], [0, 0, 0, 1, 0, 0, 0, 0, 0, 0, 0, 0, 0, 0, 1, 0, 0, 0, 0, 0, 0, 1, 1, 0, 0, 0, 0, 0, 0, 0, 0, 0, 0, 0, 0, 0, 0, 0, 0, 0, 0, 0, 0, 0, 0, 0, 0, 0, 0, 0, 0, 0, 0, 0], [0, 0, 0, 0, 0, 0, 1, 0, 0, 0, 1, 0, 0, 1, 0, 0, 0, 0, 0, 0, 0, 0, 0, 0, 0, 0, 0, 0, 0, 0, 0, 0, 0, 0, 0, 0, 0, 0, 0, 0, 0, 0, 0, 0, 0, 0, 0, 0, 0, 0, 0, 0, 0, 0], [0, 0, 0, 0, 0, 1, 0, 0, 0, 0, 0, 0, 0, 1, 0, 0, 0, 0, 0, 0, 0, 0, 0, 0, 0, 0, 0, 0, 0, 0, 0, 0, 0, 0, 0, 0, 0, 0, 0, 0, 0, 0, 0, 0, 0, 0, 0, 0, 0, 0, 0, 0, 0, 0], [0, 0, 0, 0, 0, 0, 0, 0, 1, 1, 1, 0, 0, 0, 0, 0, 0, 0, 0, 0, 0, 0, 0, 0, 0, 0, 0, 1, 0, 0, 0, 0, 0, 0, 0, 0, 0, 0, 0, 0, 0, 0, 0, 0, 0, 0, 0, 0, 0, 0, 0, 0, 0, 0], [0, 0, 0, 0, 0, 0, 0, 1, 0, 1, 0, 0, 0, 0, 0, 0, 0, 0, 0, 0, 0, 0, 0, 0, 0, 0, 0, 0, 0, 0, 0, 0, 0, 0, 0, 0, 0, 0, 0, 0, 0, 0, 0, 0, 0, 0, 0, 0, 0, 0, 0, 0, 0, 0], [0, 0, 0, 0, 0, 0, 0, 1, 1, 0, 0, 0, 0, 0, 0, 0, 0, 0, 0, 0, 0, 0, 0, 0, 0, 0, 0, 1, 0, 0, 0, 0, 0, 0, 0, 0, 0, 0, 0, 0, 0, 0, 0, 0, 0, 0, 0, 0, 0, 0, 0, 0, 0, 0], [0, 0, 0, 0, 0, 1, 0, 1, 0, 0, 0, 0, 0, 1, 0, 0, 0, 0, 0, 0, 0, 0, 0, 0, 0, 0, 0, 1, 0, 0, 0, 0, 0, 0, 0, 0, 0, 0, 0, 0, 0, 0, 0, 0, 0, 0, 0, 0, 0, 0, 0, 0, 0, 0], [0, 0, 0, 0, 0, 0, 0, 0, 0, 0, 0, 0, 1, 1, 0, 0, 0, 0, 0, 0, 0, 0, 0, 0, 0, 0, 0, 0, 0, 0, 0, 0, 0, 0, 0, 0, 0, 0, 0, 0, 0, 0, 1, 0, 0, 0, 0, 0, 0, 0, 0, 0, 0, 0], [0, 0, 0, 0, 0, 0, 0, 0, 0, 0, 0, 1, 0, 0, 0, 0, 0, 0, 0, 0, 0, 0, 0, 0, 0, 0, 0, 0, 0, 0, 0, 0, 0, 0, 0, 0, 1, 0, 0, 0, 0, 0, 0, 0, 0, 0, 0, 0, 0, 0, 0, 0, 0, 0], [0, 0, 0, 0, 0, 1, 1, 0, 0, 0, 1, 1, 0, 0, 0, 0, 0, 0, 0, 0, 0, 0, 0, 0, 0, 0, 0, 1, 0, 1, 0, 0, 0, 0, 0, 0, 0, 0, 0, 0, 0, 0, 0, 0, 0, 0, 0, 0, 0, 0, 0, 0, 0, 0], [0, 0, 1, 0, 1, 0, 0, 0, 0, 0, 0, 0, 0, 0, 0, 0, 0, 0, 0, 0, 0, 0, 1, 0, 0, 0, 0, 0, 0, 0, 0, 0, 0, 0, 1, 0, 0, 0, 0, 0, 0, 0, 0, 0, 0, 0, 0, 0, 1, 0, 0, 0, 0, 0], [0, 0, 0, 0, 0, 0, 0, 0, 0, 0, 0, 0, 0, 0, 0, 0, 0, 0, 0, 0, 0, 0, 0, 1, 0, 0, 0, 0, 0, 0, 0, 1, 0, 0, 0, 0, 0, 0, 0, 0, 0, 0, 0, 0, 0, 0, 0, 0, 0, 0, 0, 1, 0, 1], [0, 0, 0, 0, 0, 0, 0, 0, 0, 0, 0, 0, 0, 0, 0, 0, 0, 0, 0, 1, 0, 1, 0, 0, 0, 1, 0, 0, 0, 0, 0, 0, 1, 0, 0, 0, 0, 0, 0, 0, 0, 0, 0, 0, 0, 0, 0, 0, 0, 0, 0, 0, 0, 0], [0, 0, 0, 0, 0, 0, 0, 0, 0, 0, 0, 0, 0, 0, 0, 0, 0, 0, 1, 0, 0, 0, 0, 0, 1, 0, 0, 0, 0, 0, 0, 0, 0, 0, 0, 0, 0, 0, 0, 0, 0, 0, 0, 0, 0, 0, 0, 0, 0, 0, 0, 0, 0, 0], [0, 0, 0, 0, 0, 0, 0, 0, 0, 0, 0, 0, 0, 0, 0, 0, 0, 1, 0, 1, 0, 0, 0, 0, 0, 0, 0, 0, 0, 0, 0, 0, 0, 0, 0, 0, 0, 0, 0, 0, 0, 0, 0, 0, 0, 0, 0, 0, 0, 0, 0, 0, 0, 0], [0, 0, 0, 1, 0, 0, 0, 0, 0, 0, 0, 0, 0, 0, 0, 0, 1, 0, 1, 0, 0, 0, 0, 0, 0, 0, 0, 0, 0, 0, 0, 0, 0, 0, 0, 0, 0, 0, 0, 0, 0, 0, 0, 0, 0, 0, 0, 0, 0, 0, 0, 0, 0, 0], [0, 0, 0, 0, 0, 0, 0, 0, 0, 0, 0, 0, 0, 0, 0, 0, 0, 0, 0, 0, 0, 1, 1, 1, 0, 0, 0, 0, 0, 0, 0, 0, 1, 0, 0, 0, 0, 0, 0, 0, 0, 0, 0, 0, 0, 0, 0, 0, 0, 0, 0, 0, 0, 0], [0, 0, 0, 1, 1, 0, 0, 0, 0, 0, 0, 0, 0, 0, 0, 0, 1, 0, 0, 0, 1, 0, 0, 0, 0, 0, 0, 0, 0, 0, 0, 0, 0, 0, 0, 0, 0, 0, 0, 0, 0, 0, 0, 0, 0, 0, 0, 0, 0, 0, 0, 0, 0, 0], [0, 0, 0, 0, 1, 0, 0, 0, 0, 0, 0, 0, 0, 0, 1, 0, 0, 0, 0, 0, 1, 0, 0, 1, 0, 0, 0, 0, 0, 0, 0, 0, 0, 0, 0, 0, 0, 0, 0, 0, 0, 0, 0, 0, 0, 0, 0, 0, 1, 0, 0, 0, 0, 0], [0, 0, 0, 0, 0, 0, 0, 0, 0, 0, 0, 0, 0, 0, 0, 1, 0, 0, 0, 0, 1, 0, 1, 0, 0, 0, 0, 0, 0, 0, 0, 0, 0, 0, 0, 0, 0, 0, 0, 0, 0, 0, 0, 0, 0, 0, 0, 0, 0, 0, 0, 0, 0, 0], [0, 0, 0, 0, 0, 0, 0, 0, 0, 0, 0, 0, 0, 0, 0, 0, 0, 1, 0, 0, 0, 0, 0, 0, 0, 1, 0, 0, 1, 0, 0, 0, 0, 0, 0, 0, 0, 0, 0, 0, 0, 0, 0, 0, 0, 0, 0, 0, 0, 0, 0, 0, 0, 0], [0, 0, 0, 0, 0, 0, 0, 0, 0, 0, 0, 0, 0, 0, 0, 0, 1, 0, 0, 0, 0, 0, 0, 0, 1, 0, 0, 0, 0, 0, 1, 0, 1, 0, 0, 0, 0, 0, 0, 0, 0, 0, 0, 0, 0, 0, 0, 0, 0, 0, 0, 0, 0, 0], [1, 0, 0, 0, 0, 0, 0, 0, 0, 0, 0, 0, 0, 0, 0, 0, 0, 0, 0, 0, 0, 0, 0, 0, 0, 0, 0, 1, 0, 0, 0, 0, 0, 1, 0, 0, 0, 0, 0, 0, 0, 0, 0, 0, 0, 1, 0, 0, 0, 0, 0, 0, 0, 0], [0, 0, 0, 0, 0, 0, 0, 1, 0, 1, 1, 0, 0, 1, 0, 0, 0, 0, 0, 0, 0, 0, 0, 0, 0, 0, 1, 0, 0, 1, 0, 0, 0, 0, 0, 0, 0, 0, 0, 0, 0, 0, 0, 0, 0, 1, 0, 0, 0, 0, 0, 0, 0, 0], [0, 0, 0, 0, 0, 0, 0, 0, 0, 0, 0, 0, 0, 0, 0, 0, 0, 0, 0, 0, 0, 0, 0, 0, 1, 0, 0, 0, 0, 0, 1, 0, 0, 0, 0, 0, 0, 0, 0, 1, 0, 0, 0, 0, 0, 0, 0, 0, 0, 0, 0, 0, 0, 0], [0, 0, 0, 0, 0, 0, 0, 0, 0, 0, 0, 0, 0, 1, 0, 0, 0, 0, 0, 0, 0, 0, 0, 0, 0, 0, 0, 1, 0, 0, 0, 0, 0, 0, 0, 0, 0, 0, 0, 0, 0, 0, 1, 1, 0, 0, 0, 0, 0, 0, 0, 0, 0, 0], [0, 0, 0, 0, 0, 0, 0, 0, 0, 0, 0, 0, 0, 0, 0, 0, 0, 0, 0, 0, 0, 0, 0, 0, 0, 1, 0, 0, 1, 0, 0, 0, 0, 0, 0, 0, 0, 0, 0, 0, 0, 0, 0, 0, 1, 0, 0, 0, 0, 0, 0, 0, 0, 0], [0, 0, 0, 0, 0, 0, 0, 0, 0, 0, 0, 0, 0, 0, 0, 1, 0, 0, 0, 0, 0, 0, 0, 0, 0, 0, 0, 0, 0, 0, 0, 0, 1, 0, 0, 0, 0, 0, 0, 0, 0, 0, 0, 0, 1, 0, 0, 0, 0, 0, 0, 0, 0, 0], [0, 0, 0, 0, 0, 0, 0, 0, 0, 0, 0, 0, 0, 0, 0, 0, 1, 0, 0, 0, 1, 0, 0, 0, 0, 1, 0, 0, 0, 0, 0, 1, 0, 0, 0, 0, 0, 0, 0, 0, 0, 0, 0, 0, 0, 0, 0, 0, 0, 0, 0, 0, 0, 0], [1, 1, 0, 0, 0, 0, 0, 0, 0, 0, 0, 0, 0, 0, 0, 0, 0, 0, 0, 0, 0, 0, 0, 0, 0, 0, 1, 0, 0, 0, 0, 0, 0, 0, 1, 0, 0, 0, 0, 0, 0, 0, 0, 0, 0, 0, 1, 0, 0, 0, 0, 0, 0, 0], [0, 1, 1, 0, 0, 0, 0, 0, 0, 0, 0, 0, 0, 0, 1, 0, 0, 0, 0, 0, 0, 0, 0, 0, 0, 0, 0, 0, 0, 0, 0, 0, 0, 1, 0, 0, 0, 0, 0, 0, 0, 0, 0, 0, 0, 0, 0, 1, 0, 0, 0, 0, 0, 0], [0, 0, 0, 0, 0, 0, 0, 0, 0, 0, 0, 0, 0, 0, 0, 0, 0, 0, 0, 0, 0, 0, 0, 0, 0, 0, 0, 0, 0, 0, 0, 0, 0, 0, 0, 0, 0, 1, 1, 0, 0, 0, 0, 0, 0, 0, 0, 0, 0, 0, 0, 0, 0, 0], [0, 0, 0, 0, 0, 0, 0, 0, 0, 0, 0, 0, 1, 0, 0, 0, 0, 0, 0, 0, 0, 0, 0, 0, 0, 0, 0, 0, 0, 0, 0, 0, 0, 0, 0, 0, 0, 1, 1, 0, 0, 0, 1, 0, 0, 0, 0, 0, 0, 0, 0, 0, 0, 0], [0, 0, 0, 0, 0, 0, 0, 0, 0, 0, 0, 0, 0, 0, 0, 0, 0, 0, 0, 0, 0, 0, 0, 0, 0, 0, 0, 0, 0, 0, 0, 0, 0, 0, 0, 1, 1, 0, 0, 0, 0, 0, 0, 0, 0, 0, 0, 0, 0, 0, 0, 0, 0, 0], [0, 0, 0, 0, 0, 0, 0, 0, 0, 0, 0, 0, 0, 0, 0, 0, 0, 0, 0, 0, 0, 0, 0, 0, 0, 0, 0, 0, 0, 0, 0, 0, 0, 0, 0, 1, 1, 0, 0, 0, 0, 1, 0, 0, 0, 0, 0, 0, 0, 0, 0, 0, 0, 0], [0, 0, 0, 0, 0, 0, 0, 0, 0, 0, 0, 0, 0, 0, 0, 0, 0, 0, 0, 0, 0, 0, 0, 0, 0, 0, 0, 0, 1, 0, 0, 0, 0, 0, 0, 0, 0, 0, 0, 0, 0, 0, 0, 0, 0, 0, 0, 0, 0, 0, 0, 0, 0, 0], [0, 0, 0, 0, 0, 0, 0, 0, 0, 0, 0, 0, 0, 0, 0, 0, 0, 0, 0, 0, 0, 0, 0, 0, 0, 0, 0, 0, 0, 0, 0, 0, 0, 0, 0, 0, 0, 0, 0, 0, 0, 1, 0, 1, 1, 0, 0, 0, 0, 0, 0, 0, 0, 0], [0, 0, 0, 0, 0, 0, 0, 0, 0, 0, 0, 0, 0, 0, 0, 0, 0, 0, 0, 0, 0, 0, 0, 0, 0, 0, 0, 0, 0, 0, 0, 0, 0, 0, 0, 0, 0, 0, 1, 0, 1, 0, 1, 0, 0, 0, 0, 0, 0, 0, 0, 0, 0, 0], [0, 0, 0, 0, 0, 0, 0, 0, 0, 0, 0, 1, 0, 0, 0, 0, 0, 0, 0, 0, 0, 0, 0, 0, 0, 0, 0, 0, 0, 1, 0, 0, 0, 0, 0, 0, 1, 0, 0, 0, 0, 1, 0, 1, 0, 0, 0, 0, 0, 0, 0, 0, 0, 0], [0, 0, 0, 0, 0, 0, 0, 0, 0, 0, 0, 0, 0, 0, 0, 0, 0, 0, 0, 0, 0, 0, 0, 0, 0, 0, 0, 0, 0, 1, 0, 0, 0, 0, 0, 0, 0, 0, 0, 0, 1, 0, 1, 0, 1, 0, 0, 0, 0, 0, 0, 0, 0, 1], [0, 0, 0, 0, 0, 0, 0, 0, 0, 0, 0, 0, 0, 0, 0, 0, 0, 0, 0, 0, 0, 0, 0, 0, 0, 0, 0, 0, 0, 0, 1, 1, 0, 0, 0, 0, 0, 0, 0, 0, 1, 0, 0, 1, 0, 0, 0, 0, 0, 0, 0, 0, 0, 0], [0, 0, 0, 0, 0, 0, 0, 0, 0, 0, 0, 0, 0, 0, 0, 0, 0, 0, 0, 0, 0, 0, 0, 0, 0, 0, 1, 1, 0, 0, 0, 0, 0, 0, 0, 0, 0, 0, 0, 0, 0, 0, 0, 0, 0, 0, 0, 0, 0, 0, 0, 0, 1, 0], [0, 0, 0, 0, 0, 0, 0, 0, 0, 0, 0, 0, 0, 0, 0, 0, 0, 0, 0, 0, 0, 0, 0, 0, 0, 0, 0, 0, 0, 0, 0, 0, 0, 1, 0, 0, 0, 0, 0, 0, 0, 0, 0, 0, 0, 0, 0, 1, 0, 0, 1, 0, 0, 0], [0, 0, 0, 0, 0, 0, 0, 0, 0, 0, 0, 0, 0, 0, 0, 0, 0, 0, 0, 0, 0, 0, 0, 0, 0, 0, 0, 0, 0, 0, 0, 0, 0, 0, 1, 0, 0, 0, 0, 0, 0, 0, 0, 0, 0, 0, 1, 0, 1, 0, 0, 0, 0, 0], [0, 0, 0, 0, 0, 0, 0, 0, 0, 0, 0, 0, 0, 0, 1, 0, 0, 0, 0, 0, 0, 0, 1, 0, 0, 0, 0, 0, 0, 0, 0, 0, 0, 0, 0, 0, 0, 0, 0, 0, 0, 0, 0, 0, 0, 0, 0, 1, 0, 0, 0, 1, 0, 0], [0, 0, 0, 0, 0, 0, 0, 0, 0, 0, 0, 0, 0, 0, 0, 0, 0, 0, 0, 0, 0, 0, 0, 0, 0, 0, 0, 0, 0, 0, 0, 0, 0, 0, 0, 0, 0, 0, 0, 0, 0, 0, 0, 0, 0, 0, 0, 0, 0, 0, 1, 1, 1, 0], [0, 0, 0, 0, 0, 0, 0, 0, 0, 0, 0, 0, 0, 0, 0, 0, 0, 0, 0, 0, 0, 0, 0, 0, 0, 0, 0, 0, 0, 0, 0, 0, 0, 0, 0, 0, 0, 0, 0, 0, 0, 0, 0, 0, 0, 0, 1, 0, 0, 1, 0, 0, 1, 0], [0, 0, 0, 0, 0, 0, 0, 0, 0, 0, 0, 0, 0, 0, 0, 1, 0, 0, 0, 0, 0, 0, 0, 0, 0, 0, 0, 0, 0, 0, 0, 0, 0, 0, 0, 0, 0, 0, 0, 0, 0, 0, 0, 0, 0, 0, 0, 0, 1, 1, 0, 0, 0, 1], [0, 0, 0, 0, 0, 0, 0, 0, 0, 0, 0, 0, 0, 0, 0, 0, 0, 0, 0, 0, 0, 0, 0, 0, 0, 0, 0, 0, 0, 0, 0, 0, 0, 0, 0, 0, 0, 0, 0, 0, 0, 0, 0, 0, 0, 1, 0, 0, 0, 1, 1, 0, 0, 1], [0, 0, 0, 0, 0, 0, 0, 0, 0, 0, 0, 0, 0, 0, 0, 1, 0, 0, 0, 0, 0, 0, 0, 0, 0, 0, 0, 0, 0, 0, 0, 0, 0, 0, 0, 0, 0, 0, 0, 0, 0, 0, 0, 1, 0, 0, 0, 0, 0, 0, 0, 1, 1, 0]]
[78, 427, 465, 284, 186, 444, 483, 54, 455, 230, 129, 127, 290, 468, 72, 59, 129, 416, 58, 345, 208, 130, 461, 52, 201, 223, 440, 65, 103, 260, 211, 408, 218, 294, 414, 398, 314, 345, 365, 181, 359, 445, 216, 94, 51, 153, 159, 413, 313, 169, 316, 306, 120, 82]
0.03
[[0.0, 2.38122523398139, 3.9047467210295603, 8.225189390361704, 6.36695148167792, 5.996750102896747, 6.795196038966504, 4.676077431502704, 5.728610272442179, 4.516927657034494, 5.389169859477031, 8.195728418429722, 9.424276452963813, 6.153208571683222, 5.091375840681865, 5.008834877257324, 7.404417173506149, 8.991766690369538, 9.209438523910498, 8.8869217266198, 5.957215532414262, 6.810205292849204, 5.189149770874105, 5.227354745372739, 8.387424884499925, 7.56254436378964, 1.5451724616433395, 3.5217718839161027, 8.513049556083734, 5.678957383370383, 7.690494452588375, 5.854769382495747, 6.50762270340837, 1.9444942318118907, 3.2571879315086427, 9.4316771275859, 9.711952718903373, 9.820866937562299, 8.892129138981717, 9.175927630573021, 7.23398917671752, 8.109811282716247, 7.839313693709991, 6.137502200772834, 6.711997840909118, 2.628032854076912, 2.7067604634009483, 3.527420278536145, 4.146049828860066, 3.5873574198608638, 3.123358082833528, 4.13063199089342, 3.561388691491702, 4.653759757893221], [2.38122523398139, 0.0, 1.7447215102084115, 7.194975820756306, 5.269199247191169, 8.015899850270007, 8.680239244700266, 6.897106187402921, 8.00671009598864, 6.877583982865839, 7.466150800035137, 9.694019119761794, 10.718908439674633, 7.88757371806013, 3.689684521835307, 5.277405187034032, 7.103746551163632, 8.894337179545957, 8.907317232463365, 8.261641862312102, 5.623422309205965, 6.217994207259535, 4.600926743468825, 5.0481614515932165, 8.315696159185848, 7.599313169554743, 3.7489548199288425, 5.512620962128203, 8.796345703075682, 7.116759350347014, 7.968188814861507, 6.1332049477873065, 6.503719497386661, 1.9463685512669748, 2.2064780243342, 10.048575338889975, 10.775664385253759, 10.585114864660019, 9.572640648534417, 9.454466494176653, 8.066544301809058, 8.8606994868135, 9.07488340346088, 7.192930522287575, 7.260391347642028, 4.086914362435503, 2.9252081732089383, 3.1402366062631817, 3.7100008782551845, 4.197698718547705, 3.529424913875359, 4.394488511016457, 4.656716695481772, 5.458396562155195], [3.9047467210295603, 1.7447215102084115, 0.0, 5.841035620029745, 3.9773335189835306, 8.886612767704875, 9.40151347658103, 8.017770400376868, 9.17590969761475, 8.217726451253785, 8.412678668390049, 10.043264797139322, 10.868684498345049, 8.504691694887532, 2.338224994161958, 5.003270994902738, 6.241335980010133, 8.082040662965268, 7.955556170330846, 7.121869689149747, 4.858826565534518, 5.210889304083434, 3.773671124692793, 4.470699096441151, 7.546816911365697, 6.945430504902038, 5.015472373674577, 6.473438975843448, 8.255746118457703, 7.533382637160004, 7.465586270266756, 5.767922085542541, 5.898149874905338, 2.6048744901804657, 1.7647154229539017, 9.699139620197666, 10.74014661708281, 10.326866845000255, 9.287944242789774, 8.882659837801064, 7.965596337016009, 8.658605926752118, 9.234113408865092, 7.312806418435749, 6.999470515072888, 4.827675632605094, 3.177494965375203, 2.8388353794465933, 3.1884239366896647, 4.3524664264277275, 3.704593659299068, 4.259868887967787, 5.064673598436775, 5.551487086108883], [8.225189390361704, 7.194975820756306, 5.841035620029745, 0.0, 1.9282161220091412, 9.815652462680672, 9.712660775902146, 9.9776695746467, 11.051075770763338, 10.879840995723425, 9.707622566870256, 8.963923558780415, 8.942599914228406, 8.71262290214167, 3.5323019770236215, 4.350762245978319, 2.4307075189097653, 3.5738939326192507, 2.98992931347539, 1.7124089187392526, 2.819763679286147, 1.839871502490058, 3.1081723690744596, 3.4995131734744356, 3.384830195162497, 3.507652750227578, 8.315029211577084, 8.404159799379398, 4.664566563405425, 7.434410055100933, 4.326707937282723, 4.166776755690279, 3.358359386683821, 6.287897332968318, 5.12505779923792, 6.358117165456611, 8.22131881268237, 7.151646059862752, 6.270728147847633, 4.990835462381823, 6.014226604333338, 6.112102367509797, 7.729341674237067, 6.367205227789474, 4.947485069715236, 6.951528939234906, 5.624654409714036, 4.712547807709026, 4.124049599289485, 5.4381586259088195, 5.4523475218811726, 4.726666570182612, 6.221304947297066, 5.52036943633993], [6.36695148167792, 5.269199247191169, 3.9773335189835306, 1.9282161220091412, 0.0, 8.735046857790996, 8.815829824869489, 8.622540953964196, 9.753078805386242, 9.38510611967304, 8.518158447755473, 8.51090704513481, 8.815170692362376, 7.801731662056792, 1.6403199903735453, 3.263261414905938, 2.701932837439248, 4.452267967800197, 4.14721102653199, 3.168953354648617, 1.9516384143881245, 1.56502221501922, 1.5409789394659497, 2.2965872442778976, 4.025447002177067, 3.7083013839507526, 6.605097112811027, 6.9862588272862975, 5.072884455845827, 6.545366800477861, 4.4555325596906, 3.471906418397867, 2.9896602886651302, 4.422480814579907, 3.207435685791473, 6.741242679477149, 8.311197860403848, 7.491774272045141, 6.49195993167488, 5.586999831984404, 5.727400820415497, 6.101408299689185, 7.376736112890009, 5.696422290728959, 4.5956623385359325, 5.39236278114376, 3.8677290499742787, 2.9163135986405844, 2.395824010094865, 3.9631739655938896, 3.8119938799852253, 3.304976946310101, 4.83159541655102, 4.41153625061714], [5.996750102896747, 8.015899850270007, 8.886612767704875, 9.815652462680672, 8.735046857790996, 0.0, 1.0282281512575377, 1.7068888553064567, 1.8042895200949978, 2.9438107887804916, 0.6614555779121848, 3.245599601595589, 4.756609599845961, 1.3613258726416189, 8.52891822022825, 5.519017166376019, 7.670787162681047, 8.171683734531673, 8.820784777389713, 9.363109457158783, 7.028772891789791, 7.977302694625174, 7.211832652059786, 6.464608206986902, 7.715669330956249, 6.968263181793773, 4.453100882302227, 2.5090501137095504, 6.903569178140913, 2.4784447512299415, 6.440913050553315, 5.673312248013675, 6.550350233623673, 6.30692290475911, 7.292710943956071, 6.626458873071471, 5.611449292426732, 6.508522149811556, 6.087291971519457, 7.345469049965661, 4.729239018055383, 5.40942211740918, 3.8267927714993424, 3.7206967536426996, 5.29174470640075, 4.058937177073617, 5.7917344826568105, 6.509613364620039, 6.660311715111929, 4.943885348862746, 5.4070642954590165, 5.483844128430347, 4.054358397558904, 4.341091949955404], [6.795196038966504, 8.680239244700266, 9.40151347658103, 9.712660775902146, 8.815829824869489, 1.0282281512575377, 0.0, 2.728481157074281, 2.7389293204287997, 3.9695615288876196, 1.6651008864478338, 2.2739549786744373, 3.7785110729530005, 1.0144549531908715, 8.799823249365218, 5.553424146030381, 7.447861326678844, 7.723174173588018, 8.417991733531569, 9.087085551781104, 7.000344903406594, 7.895440045162709, 7.33492773851568, 6.519501030515081, 7.318547349091334, 6.63485982813923, 5.269498477229297, 3.273936064395646, 6.380636124386312, 2.28762583236091, 6.021029802354759, 5.547739832854185, 6.373727807354637, 6.878723370975323, 7.734154065870371, 5.894251928607551, 4.694405007973003, 5.6911942246242875, 5.383780907075245, 6.756035497546211, 4.208104902006946, 4.77474352706251, 3.032856050173711, 3.3931733934310433, 4.950679232001512, 4.620555497496798, 6.241849275646323, 6.85650694889929, 6.916132422191134, 5.242107655314588, 5.786894547999609, 5.68521935755145, 4.3964491039007845, 4.41714255837102], [4.676077431502704, 6.897106187402921, 8.017770400376868, 9.9776695746467, 8.622540953964196, 1.7068888553064567, 2.728481157074281, 0.0, 1.175208293714157, 1.3349729836794912, 1.0680558282127328, 4.8539740793492285, 6.352273981585125, 2.713697544983434, 8.099212362896425, 5.638080095496979, 8.08859619879068, 8.924484416464587, 9.48631175073391, 9.815435509493966, 7.161493744439867, 8.158371390274125, 7.084778781788069, 6.489068447603989, 8.402695599127686, 7.584087149751295, 3.1625814410054054, 1.657745304443845, 7.805895121688111, 3.3418937015832184, 7.208206267057764, 6.036398274173143, 6.94277556703379, 5.41919820688883, 6.60476346328583, 7.840804875105262, 7.108491373096214, 7.847796642809841, 7.274945542348333, 8.333188868870375, 5.726712499218304, 6.525391067313024, 5.2141679225617485, 4.548530654074026, 6.003308246126503, 3.3690587416184665, 5.163158844631122, 6.028128276798056, 6.332128627178339, 4.661408065007769, 4.936289732921286, 5.325330869075362, 3.7951534534349958, 4.503197906271457], [5.728610272442179, 8.00671009598864, 9.17590969761475, 11.051075770763338, 9.753078805386242, 1.8042895200949978, 2.7389293204287997, 1.175208293714157, 0.0, 1.5438801807823423, 1.4779270311217347, 5.010845886135624, 6.517366492848885, 3.131393536467844, 9.268401408886568, 6.700559754359996, 9.074968595485403, 9.774581190880467, 10.3793700374915, 10.796543477775115, 8.231327271191155, 9.220069712096741, 8.212608308811937, 7.582026059026605, 9.281508693497493, 8.49007208277553, 4.257940490574412, 2.825243995524504, 8.573440270861058, 4.072105652359101, 8.042576588428245, 7.027821578364598, 7.931298150776152, 6.582788966757038, 7.779279070536546, 8.406345001776275, 7.407403536367083, 8.30974913415496, 7.85881255495827, 9.053738545395952, 6.4264142138731755, 7.156288589309362, 5.628758430407379, 5.325572764645358, 6.854780587725171, 4.542219798146898, 6.337791988914141, 7.197429271257043, 7.487653712898731, 5.801350331086769, 6.101436887035161, 6.448991405512157, 4.921739677263996, 5.539909361630647], [4.516927657034494, 6.877583982865839, 8.217726451253785, 10.879840995723425, 9.38510611967304, 2.9438107887804916, 3.9695615288876196, 1.3349729836794912, 1.5438801807823423, 0.0, 2.3589660093110623, 6.1597242959819924, 7.664939461622527, 4.0455065916494855, 8.659461241101587, 6.608208284838381, 9.145155225193045, 10.10881791986775, 10.632921263666153, 10.867017312045212, 8.09577289936452, 9.097954217114044, 7.874007505771065, 7.382775401025361, 9.567302737142597, 8.730696546599148, 3.202475900824549, 2.5015071376569273, 9.048232475022651, 4.637406710800064, 8.413619250877126, 7.107779711460912, 8.007120263938603, 5.704006828243264, 7.010535516017458, 9.15600975260488, 8.440458149644568, 9.178655166619409, 8.587402003310554, 9.59642420243561, 7.011057333747671, 7.828196282041956, 6.549122985479601, 5.810163089227959, 7.206551296097782, 3.994942611229566, 5.685651307625924, 6.618284524939318, 7.01719034511923, 5.454939991519435, 5.5894982086895535, 6.1582092984013626, 4.663357906112737, 5.539346497624825], [5.389169859477031, 7.466150800035137, 8.412678668390049, 9.707622566870256, 8.518158447755473, 0.6614555779121848, 1.6651008864478338, 1.0680558282127328, 1.4779270311217347, 2.3589660093110623, 0.0, 3.8011562048591077, 5.3060132022013295, 1.7234601326840884, 8.197389015966971, 5.367179751774431, 7.655995208635822, 8.302018904231641, 8.915580809053106, 9.369996285478855, 6.89556683891816, 7.8687860326976455, 6.9812170288730835, 6.2853268521104555, 7.815231698584833, 7.0330258651007265, 3.844062231763981, 1.9586054440446754, 7.095566924986069, 2.5945067968338775, 6.569052526960431, 5.621295242984942, 6.5179966875573285, 5.815457651576129, 6.868803699647235, 6.967017577202527, 6.101143462506839, 6.913019936850182, 6.412360471234263, 7.579012228342781, 4.951846858178386, 5.695275093768592, 4.2466830788870675, 3.8489690590027106, 5.386042675883993, 3.601152197726362, 5.376100124934156, 6.148509701308696, 6.353222830287921, 4.634979585254694, 5.0392489128392235, 5.226481595537942, 3.738063536104171, 4.189468401714147], [8.195728418429722, 9.694019119761794, 10.043264797139322, 8.963923558780415, 8.51090704513481, 3.245599601595589, 2.2739549786744373, 4.8539740793492285, 5.010845886135624, 6.1597242959819924, 3.8011562048591077, 0.0, 1.511020639138385, 2.210489109676793, 8.917248835842072, 5.4005439268046205, 6.547461965050724, 6.308172702368487, 7.071210102504067, 7.986682146485891, 6.56580441984395, 7.280770972422123, 7.210546301317778, 6.309806330631069, 6.037747800430298, 5.5432305680637795, 6.785333067163599, 4.865793289209745, 4.875927380218419, 2.5784622758013, 4.781722822915082, 5.0392510247833044, 5.660519539301904, 7.765424847115007, 8.284806950736014, 3.9529886646688466, 2.449877234692118, 3.5869317577875317, 3.5333457819120238, 5.081313131970811, 2.9595029870378, 3.1445967537017645, 1.2684305739796031, 2.8589930940368533, 4.023848622079995, 5.674101097129311, 6.910257518354508, 7.255928546542814, 7.113219511590196, 5.690865463577667, 6.346760648097498, 5.877994179239435, 5.051975279664065, 4.527347411046376], [9.424276452963813, 10.718908439674633, 10.868684498345049, 8.942599914228406, 8.815170692362376, 4.756609599845961, 3.7785110729530005, 6.352273981585125, 6.517366492848885, 7.664939461622527, 5.3060132022013295, 1.511020639138385, 0.0, 3.67093110046302, 9.47321885475233, 5.9732211711760295, 6.521632369388166, 5.859930481512991, 6.644919973168816, 7.729853848262968, 6.875845344243462, 7.4262486134560755, 7.685972407025599, 6.782005471415353, 5.728828603226667, 5.435040487478901, 8.085738674755959, 6.2388795536271875, 4.4476595339626055, 3.747616202427541, 4.6173507019322475, 5.417598322438458, 5.838880828634828, 8.77271068325936, 9.106075462513926, 3.099442669549822, 1.1455987399752503, 2.508656092911472, 2.8626046914853807, 4.455233741683134, 3.0937066997671616, 2.831520606853023, 1.6464861864654219, 3.56141596842931, 4.221932297360215, 6.82984773866939, 7.840547083768554, 8.033011424177877, 7.784497170525732, 6.57297016047292, 7.248207194166074, 6.614287662811843, 6.073184416436805, 5.328847165668826], [6.153208571683222, 7.88757371806013, 8.504691694887532, 8.71262290214167, 7.801731662056792, 1.3613258726416189, 1.0144549531908715, 2.713697544983434, 3.131393536467844, 4.0455065916494855, 1.7234601326840884, 2.210489109676793, 3.67093110046302, 0.0, 7.810864017068499, 4.539095566357996, 6.473846400816465, 6.8525478712862915, 7.521953226188523, 8.133889177985791, 5.988491687403518, 6.8903405039124355, 6.324045982990188, 5.50529618902251, 6.417536840902682, 5.700766231799953, 4.677574627046752, 2.703593938801506, 5.558336017057106, 1.2790714427027687, 5.129693128214488, 4.545910962535176, 5.384630027265586, 6.031924394369988, 6.807998145669913, 5.275789171054355, 4.395057077555322, 5.192890400654603, 4.731583520990963, 5.987991379819955, 3.3792048254620766, 4.048123696091081, 2.5232238144538566, 2.4406003365254763, 4.014396399233295, 3.800903834016232, 5.330000279382835, 5.896282002835918, 5.928278171214558, 4.275553340781109, 4.846620171636338, 4.689526217806327, 3.4566279054770965, 3.406779282061857], [5.091375840681865, 3.689684521835307, 2.338224994161958, 3.5323019770236215, 1.6403199903735453, 8.52891822022825, 8.799823249365218, 8.099212362896425, 9.268401408886568, 8.659461241101587, 8.197389015966971, 8.917248835842072, 9.47321885475233, 7.810864017068499, 0.0, 3.526032899734448, 4.0425430187695595, 5.874750992056434, 5.6753950519332275, 4.788552302662264, 2.8209883009155514, 2.9490135120019856, 1.8151101181901308, 2.699504443768222, 5.378497902499348, 4.884714360097902, 5.63009837881721, 6.4432559224584605, 6.246865723769891, 6.6417810988069474, 5.518929952379781, 4.079210731458456, 3.937239071295399, 3.1958077838353116, 1.834528324828017, 7.819531666377539, 9.143774730990149, 8.516607095807313, 7.481856379661135, 6.831251085850929, 6.409616836483235, 6.959172291383639, 7.912967864417419, 6.061369013535872, 5.3254340249190335, 4.734715909734149, 2.9744410213668147, 2.0711038773043318, 1.8836995375155934, 3.586002675450708, 3.1717145839283245, 3.1254161062423944, 4.47519815514492, 4.459825876613607], [5.008834877257324, 5.277405187034032, 5.003270994902738, 4.350762245978319, 3.263261414905938, 5.519017166376019, 5.553424146030381, 5.638080095496979, 6.700559754359996, 6.608208284838381, 5.367179751774431, 5.4005439268046205, 5.9732211711760295, 4.539095566357996, 3.526032899734448, 0.0, 2.6003866712999804, 3.99806219704719, 4.298922386138019, 4.289234942962056, 1.531493565950834, 2.521422695086392, 1.8272498464971079, 0.9667820091391338, 3.3944731751843085, 2.5567464129358624, 4.484341081973411, 4.108372935097488, 3.5684759471318617, 3.283236498767099, 2.734347025491614, 0.8711806278612109, 1.5419486751332365, 3.481342339751481, 3.291430710128635, 4.7785349870101905, 5.747626555173626, 5.353303575475072, 4.323421237636786, 4.234654721390651, 2.9722168446858928, 3.6604408713355854, 4.390981349805931, 2.5415580057397458, 2.010632261236813, 2.8953770635255736, 2.451548182185257, 2.2057259830678997, 1.832063805857632, 1.4507324262101247, 1.9110095857652265, 0.9101870667630996, 1.9761052594839816, 1.180457619436255], [7.404417173506149, 7.103746551163632, 6.241335980010133, 2.4307075189097653, 2.701932837439248, 7.670787162681047, 7.447861326678844, 8.08859619879068, 9.074968595485403, 9.145155225193045, 7.655995208635822, 6.547461965050724, 6.521632369388166, 6.473846400816465, 4.0425430187695595, 2.6003866712999804, 0.0, 1.8416441838836686, 1.8237755655560057, 1.7269310583418265, 1.4914450447381595, 1.1389928811116288, 2.5147022415472113, 2.179946728548757, 1.3403225205399893, 1.1033062680463286, 7.057221326349354, 6.647075675879791, 2.4046255038284436, 5.215090720973408, 1.9208997293706205, 2.052386449933038, 1.1459764263342525, 5.635074918794185, 4.900562767242844, 4.103677201799468, 5.846277200420701, 4.8790133088624925, 3.9293144870117196, 2.887215275932334, 3.590785710967891, 3.6965337998078813, 5.304499405244722, 4.057840852786688, 2.5562731815770334, 5.491629994523928, 4.706151114884237, 4.043220831278978, 3.424145082049973, 4.0032786582372335, 4.301701528946658, 3.333565995376618, 4.569483041472184, 3.606426693063467], [8.991766690369538, 8.894337179545957, 8.082040662965268, 3.5738939326192507, 4.452267967800197, 8.171683734531673, 7.723174173588018, 8.924484416464587, 9.774581190880467, 10.10881791986775, 8.302018904231641, 6.308172702368487, 5.859930481512991, 6.8525478712862915, 5.874750992056434, 3.99806219704719, 1.8416441838836686, 0.0, 0.7850545376030512, 1.9986778642981695, 3.2758505003410505, 2.9343863399470327, 4.3378885470657975, 3.872348031336303, 0.6044282684055057, 1.4526984362020157, 8.443795210599765, 7.67864787364518, 1.4374571039147912, 5.715746671614612, 1.7337484956000109, 3.2045475443882574, 2.4857496945249786, 7.3266879122964745, 6.702375947583661, 2.9290298746974175, 4.948058080542179, 3.7152176378828505, 3.0054954566545375, 1.4901588390229668, 3.521325509549207, 3.167299938734678, 5.048428560741146, 4.459589754396446, 2.924530907151797, 6.81981172774623, 6.345657403409918, 5.786165667355552, 5.188128543555377, 5.447292141317656, 5.870146193273232, 4.861137146847757, 5.819115363019015, 4.712315702271183], [9.209438523910498, 8.907317232463365, 7.955556170330846, 2.98992931347539, 4.14721102653199, 8.820784777389713, 8.417991733531569, 9.48631175073391, 10.3793700374915, 10.632921263666153, 8.915580809053106, 7.071210102504067, 6.644919973168816, 7.521953226188523, 5.6753950519332275, 4.298922386138019, 1.8237755655560057, 0.7850545376030512, 0.0, 1.3132472399662503, 3.313825470978207, 2.7447473493613503, 4.30674883300764, 3.996931077413655, 1.105244653910579, 1.9035861033140486, 8.782979746360292, 8.16886971736878, 2.2145874564465546, 6.348673657370483, 2.397057276962168, 3.5869587154941955, 2.757495889804936, 7.457994563166806, 6.701028031720228, 3.697711123006079, 5.7286227393455444, 4.477401077431644, 3.790105444582362, 2.2549208985984497, 4.23815564410267, 3.937521021553851, 5.8073641991757645, 5.100098432548216, 3.5332940141143934, 7.181577963938192, 6.519844635751482, 5.866195790407308, 5.244935833841394, 5.74158755564256, 6.09347456835125, 5.1039799643140675, 6.209858514426047, 5.148360349776262], [8.8869217266198, 8.261641862312102, 7.121869689149747, 1.7124089187392526, 3.168953354648617, 9.363109457158783, 9.087085551781104, 9.815435509493966, 10.796543477775115, 10.867017312045212, 9.369996285478855, 7.986682146485891, 7.729853848262968, 8.133889177985791, 4.788552302662264, 4.289234942962056, 1.7269310583418265, 1.9986778642981695, 1.3132472399662503, 0.0, 2.956848014725283, 2.087870954323295, 3.74050831858586, 3.711971209509524, 2.001126963755901, 2.4719053576214964, 8.680951573568649, 8.36710826736825, 3.2965558448999217, 6.893165365979746, 3.2050200006583056, 3.7790680681767506, 2.8726631956421316, 7.025743004890989, 6.0775202897692004, 4.909934899940261, 6.887808096970115, 5.701677404821764, 4.924252245635588, 3.4824831278025186, 5.050482468591936, 4.932147563719583, 6.720011155218106, 5.697086120307826, 4.1395277742329535, 7.154820487583259, 6.184294746903443, 5.3984965027096745, 4.766291805912987, 5.640867204336089, 5.855781557500454, 4.943613624025282, 6.26533093358491, 5.330566359614544], [5.957215532414262, 5.623422309205965, 4.858826565534518, 2.819763679286147, 1.9516384143881245, 7.028772891789791, 7.000344903406594, 7.161493744439867, 8.231327271191155, 8.09577289936452, 6.89556683891816, 6.56580441984395, 6.875845344243462, 5.988491687403518, 2.8209883009155514, 1.531493565950834, 1.4914450447381595, 3.2758505003410505, 3.313825470978207, 2.956848014725283, 0.0, 1.002274744663221, 1.085184583324357, 0.7574154140266411, 2.710369679249549, 2.092689977221524, 5.733193363089601, 5.605436825144277, 3.4359323743533943, 4.713068029235525, 2.698076389210089, 1.528983877383755, 1.121635602510703, 4.1524924880335945, 3.426906993080586, 5.000843068142725, 6.42044816286435, 5.708807609528318, 4.6804706858401675, 4.040079147480229, 3.7834763805685383, 4.212012370862569, 5.425097743912574, 3.7754133420950886, 2.6539859610591847, 4.2453641486764075, 3.250649078032637, 2.552380519533798, 1.932906931616987, 2.718189791298291, 2.899055274413753, 2.007311705811068, 3.433384287869194, 2.70610320265845], [6.810205292849204, 6.217994207259535, 5.210889304083434, 1.839871502490058, 1.56502221501922, 7.977302694625174, 7.895440045162709, 8.158371390274125, 9.220069712096741, 9.097954217114044, 7.8687860326976455, 7.280770972422123, 7.4262486134560755, 6.8903405039124355, 2.9490135120019856, 2.521422695086392, 1.1389928811116288, 2.9343863399470327, 2.7447473493613503, 2.087870954323295, 1.002274744663221, 0.0, 1.654096191592131, 1.734452921354865, 2.472593028110126, 2.1594384163382463, 6.6883936191355575, 6.60753148787632, 3.514200454129664, 5.611269992701239, 2.934949458050868, 2.350065648658803, 1.6208820342919785, 4.938419863592758, 4.0181694941195145, 5.195106252027321, 6.8409842734919835, 5.956301170192217, 4.974076433235998, 4.022002833838209, 4.3834613463934815, 4.645952898938221, 6.0836017463144385, 4.585770223129158, 3.2668136655953353, 5.232033530187501, 4.115655708637266, 3.3110059560384677, 2.679166255617634, 3.704353862030054, 3.828889976916155, 2.989679935971345, 4.435249120546178, 3.68378271067106], [5.189149770874105, 4.600926743468825, 3.773671124692793, 3.1081723690744596, 1.5409789394659497, 7.211832652059786, 7.33492773851568, 7.084778781788069, 8.212608308811937, 7.874007505771065, 6.9812170288730835, 7.210546301317778, 7.685972407025599, 6.324045982990188, 1.8151101181901308, 1.8272498464971079, 2.5147022415472113, 4.3378885470657975, 4.30674883300764, 3.74050831858586, 1.085184583324357, 1.654096191592131, 0.0, 0.9072957526633633, 3.784770471190783, 3.1753071094838217, 5.207497183063811, 5.453786022730274, 4.506169500675007, 5.088813681009109, 3.7441472175968618, 2.27366628722911, 2.1582731081833364, 3.2929885661766796, 2.394463818996254, 6.0301793027317725, 7.330465937611919, 6.713256940709901, 5.675809063064696, 5.119617710456558, 4.607800936532179, 5.14407158118406, 6.153653792962113, 4.355081158304273, 3.5133479392987845, 3.893766363085037, 2.5290713432577734, 1.6676068664028894, 1.0431428327186285, 2.430686574225704, 2.3512741627277274, 1.764029985894327, 3.2916956640234503, 2.9177899936345595], [5.227354745372739, 5.0481614515932165, 4.470699096441151, 3.4995131734744356, 2.2965872442778976, 6.464608206986902, 6.519501030515081, 6.489068447603989, 7.582026059026605, 7.382775401025361, 6.2853268521104555, 6.309806330631069, 6.782005471415353, 5.50529618902251, 2.699504443768222, 0.9667820091391338, 2.179946728548757, 3.872348031336303, 3.996931077413655, 3.711971209509524, 0.7574154140266411, 1.734452921354865, 0.9072957526633633, 0.0, 3.28155830147523, 2.5524209817445094, 4.975815998417479, 4.90478075190481, 3.801478043165459, 4.249791620408176, 2.9981053673184794, 1.3805987127837918, 1.4612528765129227, 3.4669733247204375, 2.8954797072920133, 5.236346260016368, 6.449376655926926, 5.889730983839655, 4.8490442262121665, 4.444008081061848, 3.7103969664269116, 4.279221860322169, 5.2463852142987495, 3.4586358430209576, 2.6313831950639774, 3.497760950719791, 2.526301601298998, 1.9175018693058776, 1.345558597026953, 1.9699661744017285, 2.1467668245364173, 1.2557489477626627, 2.721893260693191, 2.1256359294758633], [8.387424884499925, 8.315696159185848, 7.546816911365697, 3.384830195162497, 4.025447002177067, 7.715669330956249, 7.318547349091334, 8.402695599127686, 9.281508693497493, 9.567302737142597, 7.815231698584833, 6.037747800430298, 5.728828603226667, 6.417536840902682, 5.378497902499348, 3.3944731751843085, 1.3403225205399893, 0.6044282684055057, 1.105244653910579, 2.001126963755901, 2.710369679249549, 2.472593028110126, 3.784770471190783, 3.28155830147523, 0.0, 0.8596015475102071, 7.84664090015833, 7.120749582497665, 1.3052025576101178, 5.244393153925517, 1.2997241202796281, 2.608366299127195, 1.8821998891474223, 6.728715412190505, 6.130733458850917, 2.9757043432432098, 4.900147698708436, 3.7703397379274, 2.934842922656686, 1.6223848910363494, 3.156207858259078, 2.9415983397319976, 4.769551454431404, 3.994972801655877, 2.4302477573821264, 6.225262772284507, 5.744040541829159, 5.198092576548045, 4.606372244833463, 4.844199752866749, 5.2660348910546455, 4.256808808505503, 5.2291779797970035, 4.132112894155943], [7.56254436378964, 7.599313169554743, 6.945430504902038, 3.507652750227578, 3.7083013839507526, 6.968263181793773, 6.63485982813923, 7.584087149751295, 8.49007208277553, 8.730696546599148, 7.0330258651007265, 5.5432305680637795, 5.435040487478901, 5.700766231799953, 4.884714360097902, 2.5567464129358624, 1.1033062680463286, 1.4526984362020157, 1.9035861033140486, 2.4719053576214964, 2.092689977221524, 2.1594384163382463, 3.1753071094838217, 2.5524209817445094, 0.8596015475102071, 0.0, 6.991097766665819, 6.273325642719786, 1.372818034543867, 4.489862312252956, 0.8206124222897018, 1.7518493892620675, 1.0976269403560623, 5.948526935999021, 5.442642827527921, 3.0359111300228876, 4.743025352764678, 3.798365245411708, 2.831095135693233, 1.949361257294522, 2.589728445207114, 2.6045370030916524, 4.283768506431797, 3.2608103460845785, 1.6867157504152173, 5.367657891420853, 4.946832798470672, 4.462368629495068, 3.896825511620457, 4.001890139095114, 4.448277261658294, 3.436669833691288, 4.369808261521546, 3.2739233716213954], [1.5451724616433395, 3.7489548199288425, 5.015472373674577, 8.315029211577084, 6.605097112811027, 4.453100882302227, 5.269498477229297, 3.1625814410054054, 4.257940490574412, 3.202475900824549, 3.844062231763981, 6.785333067163599, 8.085738674755959, 4.677574627046752, 5.63009837881721, 4.484341081973411, 7.057221326349354, 8.443795210599765, 8.782979746360292, 8.680951573568649, 5.733193363089601, 6.6883936191355575, 5.207497183063811, 4.975815998417479, 7.84664090015833, 6.991097766665819, 0.0, 1.9989822262816834, 7.74727296335803, 4.351214008023716, 6.961688159792689, 5.239248606953731, 6.025507709025603, 2.5313138750016515, 3.8831850962915455, 8.441830076872042, 8.478215829221785, 8.740676141009539, 7.880193728348169, 8.390819900097336, 6.188659752226018, 7.080745686284239, 6.555148935355127, 5.0085908789197395, 5.864024394488338, 1.6335216539183812, 2.74055060746667, 3.7000999461657997, 4.218553426964977, 3.0539499028993653, 2.869011665139986, 3.738062739631259, 2.6561296145553386, 3.8022890477996008], [3.5217718839161027, 5.512620962128203, 6.473438975843448, 8.404159799379398, 6.9862588272862975, 2.5090501137095504, 3.273936064395646, 1.657745304443845, 2.825243995524504, 2.5015071376569273, 1.9586054440446754, 4.865793289209745, 6.2388795536271875, 2.703593938801506, 6.4432559224584605, 4.108372935097488, 6.647075675879791, 7.67864787364518, 8.16886971736878, 8.36710826736825, 5.605436825144277, 6.60753148787632, 5.453786022730274, 4.90478075190481, 7.120749582497665, 6.273325642719786, 1.9989822262816834, 0.0, 6.709018725657298, 2.6215971152289193, 6.01957964789565, 4.617215446111198, 5.512235996082883, 3.8700936911183006, 4.98547099517955, 7.0585334360405305, 6.759578253237433, 7.224003504407801, 6.483490844585319, 7.297420056289206, 4.817147019038358, 5.689539806444783, 4.805929415352457, 3.583642127762247, 4.822904312681478, 1.7220382024165988, 3.521535851834831, 4.372224415404963, 4.677156263656893, 3.023605681797916, 3.2785655124039255, 3.7055408333787394, 2.1845009085208527, 3.044482902978486], [8.513049556083734, 8.796345703075682, 8.255746118457703, 4.664566563405425, 5.072884455845827, 6.903569178140913, 6.380636124386312, 7.805895121688111, 8.573440270861058, 9.048232475022651, 7.095566924986069, 4.875927380218419, 4.4476595339626055, 5.558336017057106, 6.246865723769891, 3.5684759471318617, 2.4046255038284436, 1.4374571039147912, 2.2145874564465546, 3.2965558448999217, 3.4359323743533943, 3.514200454129664, 4.506169500675007, 3.801478043165459, 1.3052025576101178, 1.372818034543867, 7.74727296335803, 6.709018725657298, 0.0, 4.50367592339084, 0.8342343940025093, 2.697389543942566, 2.3576736973714016, 7.0483633870374955, 6.689530581561522, 1.706633277553492, 3.595287892778982, 2.4937061236550857, 1.6299789858074007, 0.6665473507975291, 2.180696589640834, 1.732014079329662, 3.621223851496366, 3.261278572233092, 1.9028858421867805, 6.117291568282615, 6.020003732870329, 5.661533102655194, 5.138391490058206, 4.92946416707793, 5.470586663807231, 4.478641747643402, 5.092723116655258, 3.9455099399893454], [5.678957383370383, 7.116759350347014, 7.533382637160004, 7.434410055100933, 6.545366800477861, 2.4784447512299415, 2.28762583236091, 3.3418937015832184, 4.072105652359101, 4.637406710800064, 2.5945067968338775, 2.5784622758013, 3.747616202427541, 1.2790714427027687, 6.6417810988069474, 3.283236498767099, 5.215090720973408, 5.715746671614612, 6.348673657370483, 6.893165365979746, 4.713068029235525, 5.611269992701239, 5.088813681009109, 4.249791620408176, 5.244393153925517, 4.489862312252956, 4.351214008023716, 2.6215971152289193, 4.50367592339084, 0.0, 3.9820114509375872, 3.2676485422338173, 4.113871757162638, 5.19310052022466, 5.792608129156086, 4.528895954024649, 4.153616142195288, 4.623962716416179, 3