1
0
54
14373
[0, 0, 0, 0, 0, 681, 660, 663, 0, 0, 0, 0, 0, 656, 0, 0, 0, 0, 657, 656, 647, 684, 0, 0, 661, 0, 0, 0, 675, 0, 0, 649, 650, 0, 653, 654, 0, 647, 650, 0, 0, 0, 0, 0, 679, 670, 0, 678, 662, 0, 0, 0, 0, 678]
[135, 135, 129, 133, 137, 136, 135, 133, 136, 134, 132, 137, 131, 133, 131, 130, 133, 137, 131, 133, 130, 130, 134, 136, 137, 130, 134, 135, 134, 132, 137, 136, 136, 137, 133, 129, 137, 129, 130, 135, 129, 136, 134, 132, 134, 130, 132, 132, 132, 131, 137, 136, 130, 130]
[[0, 1, 0, 0, 0, 0, 0, 0, 0, 0, 0, 0, 0, 0, 0, 0, 0, 0, 1, 0, 0, 0, 0, 0, 0, 0, 0, 0, 0, 0, 0, 0, 0, 0, 0, 0, 0, 0, 0, 0, 0, 0, 0, 0, 0, 0, 0, 0, 0, 0, 0, 0, 0, 0], [1, 0, 0, 1, 0, 0, 0, 0, 0, 0, 1, 1, 0, 0, 0, 0, 0, 0, 1, 0, 0, 0, 0, 0, 0, 0, 0, 0, 0, 0, 0, 0, 0, 0, 0, 0, 0, 0, 0, 0, 0, 0, 0, 0, 0, 0, 0, 0, 0, 0, 0, 0, 0, 0], [0, 0, 0, 0, 1, 0, 0, 0, 0, 0, 0, 0, 0, 0, 0, 0, 0, 0, 0, 0, 0, 0, 0, 0, 0, 0, 1, 0, 0, 0, 0, 1, 0, 0, 0, 0, 0, 0, 0, 0, 0, 0, 0, 0, 0, 0, 0, 0, 0, 0, 0, 0, 0, 0], [0, 1, 0, 0, 1, 0, 0, 0, 0, 0, 1, 0, 0, 0, 0, 0, 0, 0, 0, 0, 0, 0, 1, 0, 0, 1, 0, 0, 0, 0, 0, 0, 0, 0, 0, 0, 0, 0, 0, 0, 0, 0, 0, 0, 0, 0, 0, 0, 0, 0, 0, 0, 0, 0], [0, 0, 1, 1, 0, 0, 0, 0, 0, 0, 0, 0, 0, 0, 0, 0, 0, 0, 0, 0, 0, 0, 1, 0, 0, 0, 1, 0, 0, 0, 0, 0, 0, 0, 0, 0, 0, 0, 0, 0, 0, 0, 0, 0, 0, 0, 0, 0, 0, 0, 0, 0, 0, 0], [0, 0, 0, 0, 0, 0, 0, 1, 0, 0, 0, 0, 0, 0, 0, 0, 0, 0, 0, 1, 0, 1, 0, 1, 0, 0, 0, 0, 0, 0, 0, 0, 0, 0, 0, 0, 0, 1, 0, 0, 0, 0, 0, 0, 0, 0, 0, 0, 0, 0, 0, 0, 0, 0], [0, 0, 0, 0, 0, 0, 0, 1, 0, 0, 0, 0, 0, 0, 0, 0, 0, 0, 0, 0, 0, 0, 0, 0, 0, 0, 0, 0, 0, 0, 0, 0, 0, 0, 0, 0, 0, 1, 1, 0, 0, 0, 0, 0, 0, 0, 0, 0, 0, 0, 0, 0, 0, 0], [0, 0, 0, 0, 0, 1, 1, 0, 0, 0, 0, 0, 0, 0, 0, 0, 0, 0, 0, 1, 0, 0, 0, 0, 0, 0, 0, 0, 0, 0, 0, 0, 0, 0, 0, 0, 0, 0, 0, 0, 0, 0, 0, 0, 0, 0, 0, 0, 0, 0, 0, 0, 0, 0], [0, 0, 0, 0, 0, 0, 0, 0, 0, 1, 1, 0, 0, 0, 0, 0, 0, 0, 0, 0, 0, 0, 0, 0, 0, 1, 0, 0, 0, 0, 0, 0, 0, 0, 0, 0, 0, 0, 0, 0, 0, 0, 0, 0, 0, 0, 0, 0, 0, 0, 0, 0, 0, 0], [0, 0, 0, 0, 0, 0, 0, 0, 1, 0, 0, 0, 0, 0, 1, 0, 0, 0, 0, 0, 0, 0, 0, 0, 0, 1, 0, 0, 0, 0, 0, 0, 0, 0, 0, 0, 0, 0, 0, 0, 0, 0, 0, 0, 0, 0, 0, 0, 0, 0, 0, 0, 0, 0], [0, 1, 0, 1, 0, 0, 0, 0, 1, 0, 0, 1, 0, 0, 0, 0, 0, 0, 0, 0, 0, 0, 0, 0, 0, 1, 0, 0, 0, 0, 0, 0, 0, 0, 0, 0, 0, 0, 0, 0, 0, 0, 0, 0, 0, 0, 0, 0, 0, 0, 0, 0, 0, 0], [0, 1, 0, 0, 0, 0, 0, 0, 0, 0, 1, 0, 0, 0, 0, 0, 0, 0, 0, 0, 0, 0, 0, 0, 0, 0, 0, 0, 0, 0, 0, 0, 0, 0, 0, 0, 0, 0, 0, 0, 0, 0, 0, 0, 0, 0, 0, 0, 0, 0, 0, 0, 0, 0], [0, 0, 0, 0, 0, 0, 0, 0, 0, 0, 0, 0, 0, 1, 1, 0, 1, 0, 0, 0, 0, 0, 0, 0, 0, 0, 0, 0, 0, 1, 0, 0, 0, 0, 0, 0, 0, 0, 0, 0, 0, 0, 0, 0, 0, 0, 0, 0, 0, 0, 0, 0, 0, 0], [0, 0, 0, 0, 0, 0, 0, 0, 0, 0, 0, 0, 1, 0, 1, 0, 0, 0, 0, 0, 0, 0, 0, 0, 0, 0, 0, 0, 0, 0, 0, 0, 0, 0, 0, 0, 0, 0, 0, 0, 0, 0, 0, 0, 0, 0, 0, 0, 0, 0, 0, 0, 0, 0], [0, 0, 0, 0, 0, 0, 0, 0, 0, 1, 0, 0, 1, 1, 0, 0, 0, 0, 0, 0, 0, 0, 0, 0, 0, 1, 0, 0, 0, 0, 0, 0, 0, 0, 0, 0, 0, 0, 0, 0, 0, 0, 0, 0, 0, 1, 0, 0, 0, 0, 0, 0, 0, 0], [0, 0, 0, 0, 0, 0, 0, 0, 0, 0, 0, 0, 0, 0, 0, 0, 1, 0, 0, 0, 0, 0, 0, 0, 0, 0, 0, 0, 1, 1, 0, 0, 0, 0, 0, 0, 0, 0, 0, 0, 0, 0, 0, 0, 0, 0, 0, 0, 0, 0, 0, 0, 0, 0], [0, 0, 0, 0, 0, 0, 0, 0, 0, 0, 0, 0, 1, 0, 0, 1, 0, 0, 0, 0, 0, 0, 0, 0, 0, 0, 0, 0, 0, 0, 0, 0, 0, 0, 0, 0, 0, 0, 0, 0, 0, 0, 0, 0, 0, 0, 0, 0, 0, 0, 0, 0, 0, 0], [0, 0, 0, 0, 0, 0, 0, 0, 0, 0, 0, 0, 0, 0, 0, 0, 0, 0, 1, 1, 0, 1, 1, 0, 0, 0, 0, 0, 0, 0, 0, 0, 0, 0, 0, 0, 0, 0, 0, 0, 0, 0, 0, 0, 0, 0, 0, 0, 0, 0, 0, 0, 0, 0], [1, 1, 0, 0, 0, 0, 0, 0, 0, 0, 0, 0, 0, 0, 0, 0, 0, 1, 0, 0, 0, 0, 0, 0, 0, 0, 0, 0, 0, 0, 0, 0, 0, 0, 0, 0, 0, 0, 0, 0, 0, 0, 0, 0, 0, 0, 0, 0, 0, 0, 0, 0, 0, 0], [0, 0, 0, 0, 0, 1, 0, 1, 0, 0, 0, 0, 0, 0, 0, 0, 0, 1, 0, 0, 0, 1, 0, 0, 0, 0, 0, 0, 0, 0, 0, 0, 0, 0, 0, 0, 0, 0, 0, 0, 0, 0, 0, 0, 0, 0, 0, 0, 0, 0, 0, 0, 0, 0], [0, 0, 0, 0, 0, 0, 0, 0, 0, 0, 0, 0, 0, 0, 0, 0, 0, 0, 0, 0, 0, 1, 1, 1, 0, 0, 0, 0, 0, 0, 0, 1, 0, 0, 0, 0, 0, 0, 0, 0, 0, 0, 0, 0, 0, 0, 0, 0, 0, 0, 0, 0, 0, 0], [0, 0, 0, 0, 0, 1, 0, 0, 0, 0, 0, 0, 0, 0, 0, 0, 0, 1, 0, 1, 1, 0, 1, 0, 0, 0, 0, 0, 0, 0, 0, 0, 0, 0, 0, 0, 0, 0, 0, 0, 0, 0, 0, 0, 0, 0, 0, 0, 0, 0, 0, 0, 0, 0], [0, 0, 0, 1, 1, 0, 0, 0, 0, 0, 0, 0, 0, 0, 0, 0, 0, 1, 0, 0, 1, 1, 0, 0, 0, 0, 0, 0, 0, 0, 0, 0, 0, 0, 0, 0, 0, 0, 0, 0, 0, 0, 0, 0, 0, 0, 0, 0, 0, 0, 0, 0, 0, 0], [0, 0, 0, 0, 0, 1, 0, 0, 0, 0, 0, 0, 0, 0, 0, 0, 0, 0, 0, 0, 1, 0, 0, 0, 0, 0, 0, 0, 0, 0, 0, 0, 0, 0, 0, 0, 0, 0, 0, 1, 0, 0, 0, 0, 0, 0, 0, 0, 0, 0, 0, 0, 0, 0], [0, 0, 0, 0, 0, 0, 0, 0, 0, 0, 0, 0, 0, 0, 0, 0, 0, 0, 0, 0, 0, 0, 0, 0, 0, 1, 1, 0, 0, 0, 0, 0, 0, 1, 0, 0, 0, 0, 0, 0, 0, 0, 0, 0, 0, 1, 0, 0, 0, 0, 0, 0, 0, 0], [0, 0, 0, 1, 0, 0, 0, 0, 1, 1, 1, 0, 0, 0, 1, 0, 0, 0, 0, 0, 0, 0, 0, 0, 1, 0, 1, 0, 0, 0, 0, 0, 0, 0, 0, 0, 0, 0, 0, 0, 0, 0, 0, 0, 0, 1, 0, 0, 0, 0, 0, 0, 0, 0], [0, 0, 1, 0, 1, 0, 0, 0, 0, 0, 0, 0, 0, 0, 0, 0, 0, 0, 0, 0, 0, 0, 0, 0, 1, 1, 0, 0, 0, 0, 0, 0, 0, 0, 0, 0, 0, 0, 0, 0, 0, 0, 0, 0, 0, 0, 0, 0, 0, 0, 0, 0, 0, 0], [0, 0, 0, 0, 0, 0, 0, 0, 0, 0, 0, 0, 0, 0, 0, 0, 0, 0, 0, 0, 0, 0, 0, 0, 0, 0, 0, 0, 0, 0, 0, 0, 0, 0, 0, 1, 0, 0, 0, 0, 0, 0, 0, 0, 0, 0, 1, 0, 0, 1, 0, 1, 0, 0], [0, 0, 0, 0, 0, 0, 0, 0, 0, 0, 0, 0, 0, 0, 0, 1, 0, 0, 0, 0, 0, 0, 0, 0, 0, 0, 0, 0, 0, 0, 0, 0, 0, 0, 0, 0, 0, 0, 0, 0, 0, 0, 0, 0, 0, 0, 1, 0, 0, 0, 0, 1, 0, 0], [0, 0, 0, 0, 0, 0, 0, 0, 0, 0, 0, 0, 1, 0, 0, 1, 0, 0, 0, 0, 0, 0, 0, 0, 0, 0, 0, 0, 0, 0, 0, 0, 0, 0, 0, 0, 0, 0, 0, 0, 0, 0, 0, 0, 0, 1, 1, 0, 0, 0, 0, 0, 0, 0], [0, 0, 0, 0, 0, 0, 0, 0, 0, 0, 0, 0, 0, 0, 0, 0, 0, 0, 0, 0, 0, 0, 0, 0, 0, 0, 0, 0, 0, 0, 0, 1, 1, 1, 1, 0, 0, 0, 0, 1, 0, 0, 0, 0, 0, 0, 0, 0, 0, 0, 0, 0, 0, 0], [0, 0, 1, 0, 0, 0, 0, 0, 0, 0, 0, 0, 0, 0, 0, 0, 0, 0, 0, 0, 1, 0, 0, 0, 0, 0, 0, 0, 0, 0, 1, 0, 0, 1, 0, 0, 0, 0, 0, 0, 0, 0, 0, 0, 0, 0, 0, 0, 0, 0, 0, 0, 0, 0], [0, 0, 0, 0, 0, 0, 0, 0, 0, 0, 0, 0, 0, 0, 0, 0, 0, 0, 0, 0, 0, 0, 0, 0, 0, 0, 0, 0, 0, 0, 1, 0, 0, 0, 1, 0, 0, 0, 0, 1, 0, 1, 0, 0, 0, 0, 0, 0, 0, 0, 0, 0, 0, 0], [0, 0, 0, 0, 0, 0, 0, 0, 0, 0, 0, 0, 0, 0, 0, 0, 0, 0, 0, 0, 0, 0, 0, 0, 1, 0, 0, 0, 0, 0, 1, 1, 0, 0, 0, 1, 0, 0, 0, 0, 0, 0, 0, 0, 1, 0, 0, 0, 0, 0, 0, 0, 0, 0], [0, 0, 0, 0, 0, 0, 0, 0, 0, 0, 0, 0, 0, 0, 0, 0, 0, 0, 0, 0, 0, 0, 0, 0, 0, 0, 0, 0, 0, 0, 1, 0, 1, 0, 0, 1, 0, 0, 0, 0, 0, 1, 1, 0, 0, 0, 0, 0, 0, 0, 0, 0, 0, 0], [0, 0, 0, 0, 0, 0, 0, 0, 0, 0, 0, 0, 0, 0, 0, 0, 0, 0, 0, 0, 0, 0, 0, 0, 0, 0, 0, 1, 0, 0, 0, 0, 0, 1, 1, 0, 0, 0, 0, 0, 0, 0, 1, 0, 1, 0, 0, 0, 0, 0, 0, 0, 0, 0], [0, 0, 0, 0, 0, 0, 0, 0, 0, 0, 0, 0, 0, 0, 0, 0, 0, 0, 0, 0, 0, 0, 0, 0, 0, 0, 0, 0, 0, 0, 0, 0, 0, 0, 0, 0, 0, 1, 1, 1, 1, 0, 0, 0, 0, 0, 0, 0, 0, 0, 0, 0, 0, 0], [0, 0, 0, 0, 0, 1, 1, 0, 0, 0, 0, 0, 0, 0, 0, 0, 0, 0, 0, 0, 0, 0, 0, 0, 0, 0, 0, 0, 0, 0, 0, 0, 0, 0, 0, 0, 1, 0, 1, 0, 0, 0, 0, 0, 0, 0, 0, 0, 0, 0, 0, 0, 0, 0], [0, 0, 0, 0, 0, 0, 1, 0, 0, 0, 0, 0, 0, 0, 0, 0, 0, 0, 0, 0, 0, 0, 0, 0, 0, 0, 0, 0, 0, 0, 0, 0, 0, 0, 0, 0, 1, 1, 0, 0, 1, 0, 0, 0, 0, 0, 0, 0, 0, 0, 0, 0, 0, 0], [0, 0, 0, 0, 0, 0, 0, 0, 0, 0, 0, 0, 0, 0, 0, 0, 0, 0, 0, 0, 0, 0, 0, 1, 0, 0, 0, 0, 0, 0, 1, 0, 1, 0, 0, 0, 1, 0, 0, 0, 0, 1, 0, 0, 0, 0, 0, 0, 0, 0, 0, 0, 0, 0], [0, 0, 0, 0, 0, 0, 0, 0, 0, 0, 0, 0, 0, 0, 0, 0, 0, 0, 0, 0, 0, 0, 0, 0, 0, 0, 0, 0, 0, 0, 0, 0, 0, 0, 0, 0, 1, 0, 1, 0, 0, 1, 0, 0, 0, 0, 0, 0, 0, 0, 0, 0, 0, 0], [0, 0, 0, 0, 0, 0, 0, 0, 0, 0, 0, 0, 0, 0, 0, 0, 0, 0, 0, 0, 0, 0, 0, 0, 0, 0, 0, 0, 0, 0, 0, 0, 1, 0, 1, 0, 0, 0, 0, 1, 1, 0, 0, 0, 0, 0, 0, 0, 0, 0, 1, 0, 0, 1], [0, 0, 0, 0, 0, 0, 0, 0, 0, 0, 0, 0, 0, 0, 0, 0, 0, 0, 0, 0, 0, 0, 0, 0, 0, 0, 0, 0, 0, 0, 0, 0, 0, 0, 1, 1, 0, 0, 0, 0, 0, 0, 0, 0, 0, 0, 0, 0, 0, 1, 0, 0, 0, 1], [0, 0, 0, 0, 0, 0, 0, 0, 0, 0, 0, 0, 0, 0, 0, 0, 0, 0, 0, 0, 0, 0, 0, 0, 0, 0, 0, 0, 0, 0, 0, 0, 0, 0, 0, 0, 0, 0, 0, 0, 0, 0, 0, 0, 1, 1, 1, 0, 0, 0, 0, 0, 0, 0], [0, 0, 0, 0, 0, 0, 0, 0, 0, 0, 0, 0, 0, 0, 0, 0, 0, 0, 0, 0, 0, 0, 0, 0, 0, 0, 0, 0, 0, 0, 0, 0, 0, 1, 0, 1, 0, 0, 0, 0, 0, 0, 0, 1, 0, 0, 0, 0, 0, 0, 0, 0, 0, 0], [0, 0, 0, 0, 0, 0, 0, 0, 0, 0, 0, 0, 0, 0, 1, 0, 0, 0, 0, 0, 0, 0, 0, 0, 1, 1, 0, 0, 0, 1, 0, 0, 0, 0, 0, 0, 0, 0, 0, 0, 0, 0, 0, 1, 0, 0, 0, 0, 0, 0, 0, 0, 0, 0], [0, 0, 0, 0, 0, 0, 0, 0, 0, 0, 0, 0, 0, 0, 0, 0, 0, 0, 0, 0, 0, 0, 0, 0, 0, 0, 0, 1, 1, 1, 0, 0, 0, 0, 0, 0, 0, 0, 0, 0, 0, 0, 0, 1, 0, 0, 0, 0, 0, 0, 0, 0, 0, 0], [0, 0, 0, 0, 0, 0, 0, 0, 0, 0, 0, 0, 0, 0, 0, 0, 0, 0, 0, 0, 0, 0, 0, 0, 0, 0, 0, 0, 0, 0, 0, 0, 0, 0, 0, 0, 0, 0, 0, 0, 0, 0, 0, 0, 0, 0, 0, 0, 0, 0, 1, 0, 1, 1], [0, 0, 0, 0, 0, 0, 0, 0, 0, 0, 0, 0, 0, 0, 0, 0, 0, 0, 0, 0, 0, 0, 0, 0, 0, 0, 0, 0, 0, 0, 0, 0, 0, 0, 0, 0, 0, 0, 0, 0, 0, 0, 0, 0, 0, 0, 0, 0, 0, 1, 0, 0, 1, 0], [0, 0, 0, 0, 0, 0, 0, 0, 0, 0, 0, 0, 0, 0, 0, 0, 0, 0, 0, 0, 0, 0, 0, 0, 0, 0, 0, 1, 0, 0, 0, 0, 0, 0, 0, 0, 0, 0, 0, 0, 0, 0, 1, 0, 0, 0, 0, 0, 1, 0, 0, 0, 0, 0], [0, 0, 0, 0, 0, 0, 0, 0, 0, 0, 0, 0, 0, 0, 0, 0, 0, 0, 0, 0, 0, 0, 0, 0, 0, 0, 0, 0, 0, 0, 0, 0, 0, 0, 0, 0, 0, 0, 0, 0, 0, 1, 0, 0, 0, 0, 0, 1, 0, 0, 0, 0, 0, 0], [0, 0, 0, 0, 0, 0, 0, 0, 0, 0, 0, 0, 0, 0, 0, 0, 0, 0, 0, 0, 0, 0, 0, 0, 0, 0, 0, 1, 1, 0, 0, 0, 0, 0, 0, 0, 0, 0, 0, 0, 0, 0, 0, 0, 0, 0, 0, 0, 0, 0, 0, 0, 0, 0], [0, 0, 0, 0, 0, 0, 0, 0, 0, 0, 0, 0, 0, 0, 0, 0, 0, 0, 0, 0, 0, 0, 0, 0, 0, 0, 0, 0, 0, 0, 0, 0, 0, 0, 0, 0, 0, 0, 0, 0, 0, 0, 0, 0, 0, 0, 0, 1, 1, 0, 0, 0, 0, 1], [0, 0, 0, 0, 0, 0, 0, 0, 0, 0, 0, 0, 0, 0, 0, 0, 0, 0, 0, 0, 0, 0, 0, 0, 0, 0, 0, 0, 0, 0, 0, 0, 0, 0, 0, 0, 0, 0, 0, 0, 0, 1, 1, 0, 0, 0, 0, 1, 0, 0, 0, 0, 1, 0]]
[222, 97, 167, 242, 373, 301, 245, 409, 59, 261, 327, 292, 342, 137, 120, 138, 446, 364, 243, 89, 137, 224, 138, 387, 215, 75, 383, 122, 315, 454, 165, 293, 247, 385, 481, 498, 388, 149, 227, 293, 335, 197, 197, 448, 473, 338, 499, 315, 235, 177, 82, 81, 252, 294]
0.03
[[0.0, 1.1429377206152824, 4.231043680508663, 2.686245940978054, 3.638322847517906, 5.079675993234669, 7.121946686656803, 5.909504865765855, 4.189701592022314, 5.139212371338185, 3.0532673191432766, 2.2033445854119154, 8.227488481554674, 8.585744232573207, 6.405242117634563, 9.171979325393847, 9.418401820731896, 2.1230616674365623, 1.3913950210112183, 3.5029700525770333, 4.4677399269284885, 3.456471594253237, 2.9554866816315806, 5.201368882207476, 5.46289781970334, 4.46846714911997, 4.52722526878605, 9.065541357945836, 8.96973427682837, 8.149078163970467, 6.278233592953121, 5.026800226346983, 6.965586438070847, 6.100943674591124, 7.573180203310844, 7.767460247691996, 7.1732784387191675, 6.409151329355288, 7.440579360732773, 6.494624757644279, 8.222274348483607, 8.564261861109118, 8.673084159571815, 7.262467739861693, 7.135291428868889, 6.569634408804763, 8.165941740940442, 10.507225046099922, 10.083794861378228, 9.693081647745657, 10.896663415497308, 9.393046522467161, 10.145661125458874, 9.439468973608452], [1.1429377206152824, 0.0, 3.597029705860849, 1.843019955594036, 2.9461377412095846, 5.310714118469107, 7.487735070402568, 6.411427906993936, 3.0515030655980526, 3.9967874477725043, 1.9187256699471682, 1.5072023394812448, 7.129100268405593, 7.46063859539587, 5.277915533355496, 8.136577956811154, 8.332290227100604, 2.5574795334009623, 1.9176692939007585, 3.9821807049972517, 4.222646675407782, 3.501411287601433, 2.6442552422196486, 5.12307924927051, 4.620599784091536, 3.4021570452061303, 3.7088790383186954, 8.22296812117316, 7.971496908838305, 7.0866985199368555, 5.782317775321596, 4.557434184227492, 6.562249964478383, 5.400834963269403, 7.024585726898254, 7.028069901856433, 7.134457277356513, 6.578361955835949, 7.599520917280204, 6.300940931668316, 8.16829265992726, 8.239270570911643, 8.057872703879612, 6.320683113540423, 6.281301081611968, 5.553101511784514, 7.1966825752099055, 9.950024987850844, 9.428374132349138, 8.969337477167231, 10.4293019585228, 8.46311117627156, 9.535918907376155, 8.939787334080304], [4.231043680508663, 3.597029705860849, 0.0, 1.812884838658056, 0.6657420559455339, 3.7075376146833934, 5.818690531168152, 5.38710399245276, 3.826013626618427, 3.90615069706907, 3.5269259411761458, 4.737438460865009, 5.323694747371816, 6.007110008787724, 4.244832971226637, 5.685481987428312, 6.280006706942108, 3.260099655108527, 3.464234893636818, 3.7428703149613742, 1.5834835792001827, 2.3172888715868663, 1.525169080557635, 2.627023132962524, 1.5530621540843397, 2.358684750680144, 0.8629383139610374, 4.944042432717412, 5.302925183562342, 4.92770514622266, 2.231764227375664, 1.1348356112576439, 3.0919391594817225, 1.8762690990247441, 3.43094398276277, 3.5508640640753018, 4.355273647360914, 4.460647418814711, 5.293417902011, 3.245768366955801, 5.256535667619605, 4.819505403646844, 4.468571430933086, 3.4794346853950606, 3.0922110156824467, 3.2529529842370533, 4.42289511530307, 6.352998836272704, 5.860903149372657, 5.464774081857244, 6.854016539399026, 5.456481119119652, 5.946664894643489, 5.355510991545078], [2.686245940978054, 1.843019955594036, 1.812884838658056, 0.0, 1.1471952935449752, 4.494915082138056, 6.741454450169212, 5.950111835123256, 2.645704587542751, 3.191718373333224, 1.9429583470476577, 2.9295014161922825, 5.743737061182468, 6.227640096624092, 4.124139135200348, 6.542253643954646, 6.8831128340880285, 2.634252026974583, 2.4347157857186392, 3.7452047087152707, 2.8262979016126457, 2.658736125090313, 1.4718206451599434, 3.8702127450070702, 2.795808273201503, 2.0021960548162907, 1.871713754661863, 6.404483283764981, 6.305163593094172, 5.569384233107003, 4.0415444074003535, 2.87433906120461, 4.8796915538891845, 3.563012717210649, 5.2354207209756085, 5.1850694340703045, 5.8253087179093646, 5.57809601704931, 6.537328417867525, 4.836482801655113, 6.809045661509172, 6.596248577016922, 6.234803985452493, 4.577772439898119, 4.466002447699758, 3.9339995244858335, 5.487614316566315, 8.143203155783352, 7.592178610381454, 7.126321079768857, 8.665423841512922, 6.706802224359311, 7.711075722586006, 7.16485441396809], [3.638322847517906, 2.9461377412095846, 0.6657420559455339, 1.1471952935449752, 0.0, 3.9245023990624284, 6.117242374361124, 5.53822029313099, 3.3224082560388455, 3.548284132931518, 2.911583838445566, 4.072591830128719, 5.405045920765747, 6.019354334859195, 4.102417606338408, 5.944510708848901, 6.442689815994574, 2.9231826593293904, 3.0063134728587975, 3.646941297557925, 1.9431295756638385, 2.2935487168093402, 1.232743023297792, 3.022230243592331, 1.901004472182236, 2.05012708784825, 0.9913170360221649, 5.451774449780071, 5.6183600242960425, 5.091930349669124, 2.896292875920791, 1.7583571312898927, 3.7467626470079924, 2.472503252288238, 4.092044817951736, 4.130712570907948, 4.872304712233482, 4.8274968711680195, 5.719895234110407, 3.810190458816995, 5.8126622770937315, 5.470552927847295, 5.111814238836716, 3.814566301428697, 3.5467126697884788, 3.401845834710225, 4.756119325134961, 7.007951651768242, 6.48944665497321, 6.06211573961367, 7.5188278106237485, 5.876746118899033, 6.589952143053894, 6.01924785991221], [5.079675993234669, 5.310714118469107, 3.7075376146833934, 4.494915082138056, 3.9245023990624284, 0.0, 2.2477491865200294, 1.7162584310165494, 7.116561798120364, 7.4672828754886345, 6.402808916265611, 6.815095723033864, 8.927234537780643, 9.663580891593012, 7.950391147225543, 8.999798167627311, 9.758927427619344, 2.962324520322038, 3.690041364435964, 1.7766855370956731, 2.1564776923092, 1.8667582921805947, 3.023338522229472, 1.405124273115426, 5.0502401343610765, 5.971261986182437, 4.568825886266454, 7.4626394445387705, 8.500645598795064, 8.43820517949293, 3.6835018383923797, 3.102568466049198, 3.6570448745625845, 4.60395707070114, 4.742795321037801, 5.863454655593053, 2.440583308585604, 1.3431478439910376, 2.368382069831456, 2.4599079935496393, 3.4252652891386837, 4.550152639287268, 5.8943905936844105, 6.757991626806369, 6.093642342213732, 6.839039751483391, 7.629779163303404, 7.165226055933948, 7.2588233698021325, 7.28395732153386, 7.140399696963821, 8.315292451681374, 7.0900555721017255, 5.98917013089266], [7.121946686656803, 7.487735070402568, 5.818690531168152, 6.741454450169212, 6.117242374361124, 2.2477491865200294, 0.0, 1.436453354747421, 9.355229486305785, 9.664876965343266, 8.649890753688545, 8.99470092899162, 10.8300302238232, 11.615816249495756, 10.045384937942808, 10.681938587944124, 11.540613847288824, 5.014053836824484, 5.741644508040079, 3.6239977136061237, 4.235374636557361, 4.109537879870109, 5.270389378220312, 3.2273588961430044, 6.999170434488142, 8.144775917770708, 6.660943098710351, 8.77605507911721, 10.126152857554914, 10.271694251620083, 5.173809177184837, 5.009980398995069, 4.761912577218064, 6.323992128239397, 5.8639635648995805, 7.236838825561474, 2.5908520994124062, 1.4651962832664498, 1.3950623065575904, 3.4776353071217, 3.0049931156772143, 4.861673034073393, 6.842079348820157, 8.50559701105362, 7.7500753518134, 8.768291231366485, 9.29640636134865, 7.597220693226366, 8.005615123328697, 8.252461853950981, 7.266484994608079, 9.754811571943005, 7.7176764379550375, 6.497161065335698], [5.909504865765855, 6.411427906993936, 5.38710399245276, 5.950111835123256, 5.53822029313099, 1.7162584310165494, 1.436453354747421, 0.0, 8.59578191969125, 9.042300563069363, 7.774426509868882, 7.9036410901717495, 10.640158923630413, 11.369413187267636, 9.613769759246741, 10.707132013916583, 11.474541368031158, 3.864827782541491, 4.566687017609584, 2.434317933349215, 3.8637022560855985, 3.3062551248041485, 4.503584222701827, 3.0840413293169333, 6.763386090966241, 7.586109326772693, 6.250002575814151, 9.083458873126704, 10.199417191335153, 10.154456907689356, 5.322870969460715, 4.818198890247128, 5.154064846003643, 6.305914123570563, 6.2697766378126785, 7.492009465118758, 3.362246130933298, 1.956366885348069, 2.5338240170599833, 3.8668479323411855, 4.076095901267612, 5.686049072043063, 7.3674061857914355, 8.469236163332944, 7.791367858253071, 8.551416125150883, 9.333017541440118, 8.412361356634268, 8.659206546953996, 8.779888710204647, 8.22272261266986, 9.975074932885748, 8.43321570632437, 7.259190869819637], [4.189701592022314, 3.0515030655980526, 3.826013626618427, 2.645704587542751, 3.3224082560388455, 7.116561798120364, 9.355229486305785, 8.59578191969125, 0.0, 1.065271922920249, 1.1383199020413786, 2.6987669405453008, 4.494773399430191, 4.629204483312748, 2.508950905342904, 5.812654526941731, 5.728927844154125, 5.10718972877482, 4.68791512263825, 6.351668945005092, 5.262381193757752, 5.3009408535513876, 4.106157482009971, 6.341067531668739, 3.712817194259643, 1.7281615167271984, 3.239562587115429, 6.746669911260758, 5.840161556532101, 4.674838781827272, 5.818529137672381, 4.942627357581031, 6.742407681896576, 4.849129688158941, 6.709500026809296, 6.065526679621374, 8.175658238244614, 8.12709256477128, 9.039265713342154, 7.070174737957828, 9.08095072135635, 8.449580518293489, 7.413462176628513, 4.61141244857945, 4.970672083561286, 3.5632634595439665, 5.261486452459674, 9.344664447562335, 8.538977530944454, 7.8779039455413535, 10.070329605840717, 6.610010065790074, 8.789795771853775, 8.58400662852843], [5.139212371338185, 3.9967874477725043, 3.90615069706907, 3.191718373333224, 3.548284132931518, 7.4672828754886345, 9.664876965343266, 9.042300563069363, 1.065271922920249, 0.0, 2.1415171298887965, 3.763487978333232, 3.440705658970873, 3.5667408357485044, 1.4510142479607735, 4.808040191653641, 4.673175151708078, 5.798002368062049, 5.47077083886152, 6.929794077701627, 5.45749283377801, 5.74120964313854, 4.552450667255446, 6.524655925013314, 3.3596062431447766, 1.5500438534457144, 3.157033262549109, 5.971994681569759, 4.884988792559223, 3.664833671479306, 5.621685254258234, 4.940667861044379, 6.5438182878317, 4.509755418316872, 6.337447704525643, 5.493014922477778, 8.21973859137008, 8.352144580214246, 9.199517545963436, 7.062235495868112, 9.052702025498036, 8.194982871936581, 6.898255829974549, 3.8394401785484815, 4.329535315062282, 2.749413076306221, 4.380550737086428, 8.791132855251455, 7.9102666005246, 7.199056452161542, 9.583233864677947, 5.720508158532597, 8.202198160725127, 8.131631491116108], [3.0532673191432766, 1.9187256699471682, 3.5269259411761458, 1.9429583470476577, 2.911583838445566, 6.402808916265611, 8.649890753688545, 7.774426509868882, 1.1383199020413786, 2.1415171298887965, 0.0, 1.736467037407576, 5.470568809826276, 5.690419690902424, 3.5233586158681875, 6.667837225894872, 6.7010495358728415, 4.122126277775772, 3.636276487962452, 5.44275824257105, 4.754873922879104, 4.5425745549459675, 3.3901906527951096, 5.809497366362681, 3.8845411451914122, 2.0784414495371935, 3.1763093653936427, 7.260157420069362, 6.614021769858093, 5.5547678421431534, 5.7032665368105695, 4.6578153487216, 6.59933610202337, 4.930099717132588, 6.756046939651722, 6.354931295376624, 7.745975989201795, 7.517647280412798, 8.480260746832169, 6.716807969655497, 8.71106794237194, 8.32939139528941, 7.603852308348154, 5.178859140294024, 5.375376737861111, 4.225532888761906, 5.942449014364093, 9.547785460955447, 8.842868195876038, 8.252793671817404, 10.18682876630357, 7.277079499312421, 9.040835438122715, 8.681066417521624], [2.2033445854119154, 1.5072023394812448, 4.737438460865009, 2.9295014161922825, 4.072591830128719, 6.815095723033864, 8.99470092899162, 7.9036410901717495, 2.6987669405453008, 3.763487978333232, 1.736467037407576, 0.0, 7.170640679414484, 7.32740607552994, 5.19721236514529, 8.402032052316502, 8.404599438448873, 4.039978649093474, 3.3611753491471497, 5.470103921852266, 5.610636510191369, 4.992318855684894, 4.053938905783511, 6.564409781557264, 5.439601546122461, 3.7825518093019377, 4.619846318626699, 8.92891139998776, 8.349485341111816, 7.284546033866414, 6.968877337923172, 5.798953713531549, 7.807846147758577, 6.388095402243222, 8.137173575364441, 7.918626028778371, 8.572793348677854, 8.07278145046199, 9.089585663079866, 7.680071908649213, 9.594906121804202, 9.519806499124163, 9.083063557795429, 6.880761586508856, 7.014464785086873, 5.953804733884485, 7.667498611830591, 11.013974078977867, 10.387180851762071, 9.845833517922228, 11.576459571248547, 8.99567319802703, 10.547205945756605, 10.071583650250517], [8.227488481554674, 7.129100268405593, 5.323694747371816, 5.743737061182468, 5.405045920765747, 8.927234537780643, 10.8300302238232, 10.640158923630413, 4.494773399430191, 3.440705658970873, 5.470568809826276, 7.170640679414484, 0.0, 0.878503417210586, 1.9898568584597287, 1.6073703659499954, 1.2345456132724206, 8.26853924781259, 8.174291433917952, 9.033831744065342, 6.777609350882006, 7.629469416304972, 6.637014874872487, 7.639718105640896, 3.877010220009024, 3.7759064755469938, 4.490217927512596, 3.8450450434581103, 1.9990251091975715, 0.7465431641199805, 5.789334944796047, 5.849224322120752, 6.516888237972857, 4.5454296237888645, 5.76401913174266, 4.361977753096112, 8.719078372855032, 9.37462309530829, 9.957763570173151, 7.546940469714709, 9.245584397806816, 7.742009708482316, 5.696190411695739, 2.4754019364442286, 3.31780597474907, 2.0889458453893144, 2.1262005721814297, 7.208444597562052, 6.1274543603539335, 5.299515615614815, 8.177431792666196, 3.065117694261226, 6.548217459176516, 6.992811793418466], [8.585744232573207, 7.46063859539587, 6.007110008787724, 6.227640096624092, 6.019354334859195, 9.663580891593012, 11.615816249495756, 11.369413187267636, 4.629204483312748, 3.5667408357485044, 5.690419690902424, 7.32740607552994, 0.878503417210586, 0.0, 2.183222313135783, 2.2493925291113284, 1.4524022594648802, 8.81464774138339, 8.65990696695152, 9.665885786838809, 7.507546291701529, 8.285050319900144, 7.240686047614761, 8.407403824693155, 4.626511639862782, 4.226547456406482, 5.154377556037165, 4.67563670924892, 2.753479328681423, 1.615171457794856, 6.625553646944398, 6.614437289501559, 7.3730594753953165, 5.37090820969834, 6.638290849674677, 5.240473339805223, 9.555285603653752, 10.167623594953664, 10.779572681425746, 8.376384165538052, 10.103750653891483, 8.618668800846711, 6.570678970568655, 3.344321028200958, 4.187183681105982, 2.8475302045922173, 2.9906115403316518, 8.05334105165297, 6.962722351336176, 6.131921289233075, 9.030462325095572, 3.824652240433541, 7.3918437706326285, 7.864667568832893], [6.405242117634563, 5.277915533355496, 4.244832971226637, 4.124139135200348, 4.102417606338408, 7.950391147225543, 10.045384937942808, 9.613769759246741, 2.508950905342904, 1.4510142479607735, 3.5233586158681875, 5.19721236514529, 1.9898568584597287, 2.183222313135783, 0.0, 3.406575338211556, 3.2222035192100806, 6.748546507074969, 6.537184804027603, 7.713925872546201, 5.821445658519742, 6.395413632155031, 5.274016514726957, 6.823581200271553, 3.175533159707332, 2.13697015651777, 3.3888437811209142, 4.90849520868118, 3.5570642569458646, 2.2671356065639094, 5.450174307742081, 5.081511389685067, 6.324273270494132, 4.21033685274125, 5.877147487564171, 4.767752713279182, 8.277533984694793, 8.648209137926887, 9.390216136191363, 7.085810823905703, 8.991773670004527, 7.841162689727679, 6.2051755925380485, 2.8815341258708367, 3.564303012050221, 1.8386431000821206, 3.1916160812896766, 7.99688841280085, 7.023247434157062, 6.252598385896421, 8.870615936387916, 4.481669552474156, 7.369593590860102, 7.497001764859302], [9.171979325393847, 8.136577956811154, 5.685481987428312, 6.542253643954646, 5.944510708848901, 8.999798167627311, 10.681938587944124, 10.707132013916583, 5.812654526941731, 4.808040191653641, 6.667837225894872, 8.402032052316502, 1.6073703659499954, 2.2493925291113284, 3.406575338211556, 0.0, 1.077364957496835, 8.867414728874262, 8.89850823791381, 9.413950389886661, 6.930123936826971, 7.980058644607868, 7.150631149603099, 7.627765956223316, 4.133339653661519, 4.7394483589512575, 4.958061598075513, 2.620561663118664, 0.6371543971746028, 1.1436123020027158, 5.509435808385554, 5.911461360053295, 6.062582908656042, 4.403374385660455, 5.122636530547248, 3.633149955741115, 8.352033310936477, 9.218195379402598, 9.651942224953727, 7.247266128786037, 8.710989960201026, 6.992387786222927, 4.747626958015242, 2.2507515079787965, 2.934706865070213, 2.6085803857952996, 1.3856821728363504, 5.984122843359967, 4.870501011042589, 4.0427513546092975, 6.988014921347516, 1.6283336467138414, 5.324952743429527, 5.9747754449108035], [9.418401820731896, 8.332290227100604, 6.280006706942108, 6.8831128340880285, 6.442689815994574, 9.758927427619344, 11.540613847288824, 11.474541368031158, 5.728927844154125, 4.673175151708078, 6.7010495358728415, 8.404599438448873, 1.2345456132724206, 1.4524022594648802, 3.2222035192100806, 1.077364957496835, 0.0, 9.346833352353745, 9.298835044797334, 10.02122638181022, 7.640975845503942, 8.597087596265093, 7.672590069898775, 8.418170737038933, 4.760108621662306, 4.9519690145517155, 5.486255746241114, 3.697885847678007, 1.707880039774449, 1.3538115791698497, 6.392940211090564, 6.6563952937547155, 7.011191522879647, 5.218929128017615, 6.120125883443088, 4.63962448976768, 9.283372201386431, 10.075666944573987, 10.566569024019428, 8.150197603854254, 9.695512213096261, 8.025150742694333, 5.8082517005941545, 3.0350587570277128, 3.813739756223846, 3.043067225942867, 2.3194132745106937, 7.058034711621577, 5.943014756140052, 5.1169711903500525, 8.063540625449171, 2.6896541378106678, 6.399726319972956, 7.046606742490903], [2.1230616674365623, 2.5574795334009623, 3.260099655108527, 2.634252026974583, 2.9231826593293904, 2.962324520322038, 5.014053836824484, 3.864827782541491, 5.10718972877482, 5.798002368062049, 4.122126277775772, 4.039978649093474, 8.26853924781259, 8.81464774138339, 6.748546507074969, 8.867414728874262, 9.346833352353745, 0.0, 0.7320139014487569, 1.4305504520536587, 2.7859276098055563, 1.5281659647236188, 1.7374150780035365, 3.2652337803946048, 4.7814900181290785, 4.613998573754414, 3.9102337164570593, 8.163426633468601, 8.529570762764289, 8.001346258440813, 4.8213044905930955, 3.630249662256889, 5.332370440476479, 5.034272564334196, 6.136220858701852, 6.68103554838763, 5.153755554914415, 4.298775503395265, 5.328633789170837, 4.6233884705144215, 6.199954353731415, 6.782258436449861, 7.309480249006827, 6.713911085725732, 6.34998041921647, 6.315027920654287, 7.6586768472844895, 9.000552545781701, 8.753036450370598, 8.504272319931044, 9.251410370028768, 8.716335079971186, 8.732710267589091, 7.867625430697431], [1.3913950210112183, 1.9176692939007585, 3.464234893636818, 2.4347157857186392, 3.0063134728587975, 3.690041364435964, 5.741644508040079, 4.566687017609584, 4.68791512263825, 5.47077083886152, 3.636276487962452, 3.3611753491471497, 8.174291433917952, 8.65990696695152, 6.537184804027603, 8.89850823791381, 9.298835044797334, 0.7320139014487569, 0.0, 2.1378735586032147, 3.2971598966320403, 2.143862058315248, 1.9770137092319906, 3.9029258350526006, 4.906907133567136, 4.4333745952650885, 3.990477850888575, 8.408242172338333, 8.607009717486031, 7.97086323370814, 5.2589486530348495, 4.026511924766212, 5.847923014746869, 5.31485227116162, 6.575993543698787, 6.98605317416678, 5.835741143390551, 5.022934622671281, 6.053798760359907, 5.23782490624345, 6.884445904884051, 7.365917186939627, 7.726651213706248, 6.816003156607294, 6.536735646544667, 6.305733180746163, 7.754128744968169, 9.480175267887182, 9.163623755716287, 8.85935656939255, 9.785986396689983, 8.880858658651851, 9.175026013596751, 8.3694583876224], [3.5029700525770333, 3.9821807049972517, 3.7428703149613742, 3.7452047087152707, 3.646941297557925, 1.7766855370956731, 3.6239977136061237, 2.434317933349215, 6.351668945005092, 6.929794077701627, 5.44275824257105, 5.470103921852266, 9.033831744065342, 9.665885786838809, 7.713925872546201, 9.413950389886661, 10.02122638181022, 1.4305504520536587, 2.1378735586032147, 0.0, 2.6412688283431325, 1.434162015677779, 2.440407192645521, 2.6070507273273145, 5.284821879645023, 5.5938607789487085, 4.546517342935665, 8.316981232626782, 8.999368131105447, 8.66802077096262, 4.6610653082739315, 3.670483091425756, 4.933875841060477, 5.22354396515871, 5.906353241538953, 6.747028427300984, 4.18203597085212, 3.099573789973035, 4.1011052380675705, 3.947074120421946, 5.191047766327945, 6.128212504911892, 7.098029750751733, 7.181292169698367, 6.670274924439658, 6.9859532389049965, 8.113634195610624, 8.59536022215145, 8.524895568892292, 8.411147122569949, 8.694448531444406, 9.019348039875636, 8.427198973395196, 7.42523856778465], [4.4677399269284885, 4.222646675407782, 1.5834835792001827, 2.8262979016126457, 1.9431295756638385, 2.1564776923092, 4.235374636557361, 3.8637022560855985, 5.262381193757752, 5.45749283377801, 4.754873922879104, 5.610636510191369, 6.777609350882006, 7.507546291701529, 5.821445658519742, 6.930123936826971, 7.640975845503942, 2.7859276098055563, 3.2971598966320403, 2.6412688283431325, 0.0, 1.321923264878652, 1.579003398285558, 1.0791578079024362, 2.9023986935017136, 3.921371154808499, 2.432604644357343, 5.677005787192104, 6.467058540387694, 6.307820222483833, 2.0691905097173824, 1.0444145008023107, 2.553970809532325, 2.610119799772496, 3.368825365514652, 4.1062604900005875, 2.9997965262906274, 2.894890180781308, 3.7772420589956535, 2.07839535717633, 3.996264433541243, 4.096970185562849, 4.554314333699567, 4.679372911700996, 4.0873335823748, 4.688666408411231, 5.5842464268584955, 6.214627706929153, 5.997266660825092, 5.811885646758174, 6.489149419359065, 6.406683407810341, 5.955991043259502, 5.084984546310689], [3.456471594253237, 3.501411287601433, 2.3172888715868663, 2.658736125090313, 2.2935487168093402, 1.8667582921805947, 4.109537879870109, 3.3062551248041485, 5.3009408535513876, 5.74120964313854, 4.5425745549459675, 4.992318855684894, 7.629469416304972, 8.285050319900144, 6.395413632155031, 7.980058644607868, 8.597087596265093, 1.5281659647236188, 2.143862058315248, 1.434162015677779, 1.321923264878652, 0.0, 1.1980608736542016, 1.7591497498014612, 3.8525922803136607, 4.31428749393415, 3.1397465139514718, 6.937298541146382, 7.566232853123639, 7.24498021541543, 3.3910735188659418, 2.292722130769692, 3.827127998006639, 3.8195761915873514, 4.688228213525188, 5.389904136863438, 3.7173119017625074, 3.080660641972755, 4.098485769453426, 3.101460078378706, 4.766057753094729, 5.254201253282529, 5.875414884099955, 5.74738204520179, 5.247886717199887, 5.568318478131474, 6.680659404574449, 7.50766223674178, 7.317799586407694, 7.129751606939512, 7.730384754248998, 7.605284311631438, 7.268737695683992, 6.363172376317339], [2.9554866816315806, 2.6442552422196486, 1.525169080557635, 1.4718206451599434, 1.232743023297792, 3.023338522229472, 5.270389378220312, 4.503584222701827, 4.106157482009971, 4.552450667255446, 3.3901906527951096, 4.053938905783511, 6.637014874872487, 7.240686047614761, 5.274016514726957, 7.150631149603099, 7.672590069898775, 1.7374150780035365, 1.9770137092319906, 2.440407192645521, 1.579003398285558, 1.1980608736542016, 0.0, 2.5145501139723145, 3.0465371524950546, 3.160610489260454, 2.1961359115776538, 6.45392600468762, 6.798496354736337, 6.320655457985235, 3.3342868183586103, 2.084756935969943, 4.012348302759292, 3.3429848817157533, 4.641788376756495, 5.010938354817697, 4.519490039930926, 4.136256685391701, 5.118147857133136, 3.656877697905715, 5.541587066779832, 5.638655052759718, 5.772275486215847, 4.979855633691086, 4.617299836728765, 4.6301580596729455, 5.924803481424221, 7.568047758129605, 7.202907978504739, 6.883331063854014, 7.941180770407106, 6.981242975310033, 7.2325348122369455, 6.487326628934186], [5.201368882207476, 5.12307924927051, 2.627023132962524, 3.8702127450070702, 3.022230243592331, 1.405124273115426, 3.2273588961430044, 3.0840413293169333, 6.341067531668739, 6.524655925013314, 5.809497366362681, 6.564409781557264, 7.639718105640896, 8.407403824693155, 6.823581200271553, 7.627765956223316, 8.418170737038933, 3.2652337803946048, 3.9029258350526006, 2.6070507273273145, 1.0791578079024362, 1.7591497498014612, 2.5145501139723145, 0.0, 3.7821030423742905, 4.982239177446909, 3.448649248692733, 6.060607255559762, 7.1155809623359, 7.115186129283514, 2.2814327920964517, 1.7930200394424982, 2.3547959122268693, 3.2245341681583866, 3.394302740318072, 4.46094491189094, 2.0114905274723163, 1.8342949827125812, 2.6982412494197465, 1.3722444419153026, 3.047949943414316, 3.557637081619467, 4.570003649650098, 5.397641930015087, 4.70758288345445, 5.562819164815013, 6.250859370184856, 5.99102259318528, 5.970798476821877, 5.935358929548671, 6.0989856781041105, 6.910875175191747, 5.8443185529156425, 4.819186363466354], [5.46289781970334, 4.620599784091536, 1.5530621540843397, 2.795808273201503, 1.901004472182236, 5.0502401343610765, 6.999170434488142, 6.763386090966241, 3.712817194259643, 3.3596062431447766, 3.8845411451914122, 5.439601546122461, 3.877010220009024, 4.626511639862782, 3.175533159707332, 4.133339653661519, 4.760108621662306, 4.7814900181290785, 4.906907133567136, 5.284821879645023, 2.9023986935017136, 3.8525922803136607, 3.0465371524950546, 3.7821030423742905, 0.0, 1.9847726819956255, 0.9374454460273404, 3.608715880533701, 3.7542846270546177, 3.4157795942316818, 2.3019690414190435, 1.990201745301427, 3.208213043306228, 1.153467819226351, 3.0050344501643886, 2.481098768287604, 5.104256593433132, 5.562556513072219, 6.244024004978001, 3.911522085630189, 5.824929511092218, 4.8358550680735455, 3.7317724386162014, 1.9334378390161278, 1.6725382263776325, 1.7890936596108769, 2.878375557691754, 5.675035722747714, 4.9624239662242395, 4.407028825814539, 6.363564955367989, 3.976331160868009, 5.156982221268933, 4.872296145228847], [4.46846714911997, 3.4021570452061303, 2.358684750680144, 2.0021960548162907, 2.05012708784825, 5.971261986182437, 8.144775917770708, 7.586109326772693, 1.7281615167271984, 1.5500438534457144, 2.0784414495371935, 3.7825518093019377, 3.7759064755469938, 4.226547456406482, 2.13697015651777, 4.7394483589512575, 4.9519690145517155, 4.613998573754414, 4.4333745952650885, 5.5938607789487085, 3.921371154808499, 4.31428749393415, 3.160610489260454, 4.982239177446909, 1.9847726819956255, 0.0, 1.6160448478711988, 5.185327478595385, 4.610369188733511, 3.685629696518186, 4.143491986182222, 3.3948821134775478, 5.069882019027053, 3.125058567491392, 4.984651475357271, 4.3672469284481705, 6.673285405264001, 6.813194603128971, 7.6510347495629425, 5.5220217819519, 7.519735324593464, 6.757445827514435, 5.6930911481655775, 3.1020794387136674, 3.323085525546297, 2.190354601598473, 3.8914359046224702, 7.629353241434543, 6.852581288084415, 6.2229000969280515, 8.343586175335323, 5.213725529982436, 7.085763808657575, 6.85595085532184], [4.52722526878605, 3.7088790383186954, 0.8629383139610374, 1.871713754661863, 0.9913170360221649, 4.568825886266454, 6.660943098710351, 6.250002575814151, 3.239562587115429, 3.157033262549109, 3.1763093653936427, 4.619846318626699, 4.490217927512596, 5.154377556037165, 3.3888437811209142, 4.958061598075513, 5.486255746241114, 3.9102337164570593, 3.990477850888575, 4.546517342935665, 2.432604644357343, 3.1397465139514718, 2.1961359115776538, 3.448649248692733, 0.9374454460273404, 1.6160448478711988, 0.0, 4.539805197010658, 4.6270537663863145, 4.132669893776427, 2.5830449889002804, 1.784727752335225, 3.504422706716599, 1.7718077009625006, 3.5797488656515317, 3.330049914411444, 5.063354511361157, 5.281298455101305, 6.0759160587068015, 3.906626078401288, 5.903833603076903, 5.219387216051107, 4.465953385684365, 2.8258551657429285, 2.6084689359918665, 2.444071100145349, 3.765992709407984, 6.402850945217274, 5.7738920839259915, 5.271205651021857, 7.013330781475641, 4.905870491100865, 5.927403797886362, 5.506656648631528], [9.065541357945836, 8.22296812117316, 4.944042432717412, 6.404483283764981, 5.451774449780071, 7.4626394445387705, 8.77605507911721, 9.083458873126704, 6.746669911260758, 5.971994681569759, 7.260157420069362, 8.92891139998776, 3.8450450434581103, 4.67563670924892, 4.90849520868118, 2.620561663118664, 3.697885847678007, 8.163426633468601, 8.408242172338333, 8.316981232626782, 5.677005787192104, 6.937298541146382, 6.45392600468762, 6.060607255559762, 3.608715880533701, 5.185327478595385, 4.539805197010658, 0.0, 1.9957696133320866, 3.108322712510073, 3.7793645754829197, 4.649688913169013, 4.014175544626773, 3.134304626980991, 2.922466750662104, 1.5997767388916562, 6.265677124452146, 7.356001173214872, 7.588371518972948, 5.307655135521852, 6.4259973510840425, 4.554704587613825, 2.224738534742021, 2.1393718438799993, 1.9417292104423005, 3.222598116461824, 1.7743139753491266, 3.385552541137095, 2.2872510523527496, 1.4563226427469051, 4.378641893666528, 1.102266868674049, 2.723569104636716, 3.3773668277005697], [8.96973427682837, 7.971496908838305, 5.302925183562342, 6.305163593094172, 5.6183600242960425, 8.500645598795064, 10.126152857554914, 10.199417191335153, 5.840161556532101, 4.884988792559223, 6.614021769858093, 8.349485341111816, 1.9990251091975715, 2.753479328681423, 3.5570642569458646, 0.6371543971746028, 1.707880039774449, 8.529570762764289, 8.607009717486031, 8.999368131105447, 6.467058540387694, 7.566232853123639, 6.798496354736337, 7.1155809623359, 3.7542846270546177, 4.610369188733511, 4.6270537663863145, 1.9957696133320866, 0.0, 1.352212133859401, 4.953353725996404, 5.43479085788775, 5.468986206556574, 3.8968284000703175, 4.506858299977671, 3.016674595428744, 7.762942280596683, 8.665311788347001, 9.06939290062738, 6.67461883937011, 8.096986178920245, 6.360942832080623, 4.110537113610646, 1.8237804652409049, 2.408051834728497, 2.423112832014183, 0.8859381185454325, 5.37258550962979, 4.263242759454538, 3.4325295832561618, 6.371757423681459, 1.0724380343689495, 4.711738520417546, 5.339470754529985], [8.149078163970467, 7.0866985199368555, 4.92770514622266, 5.569384233107003, 5.091930349669124, 8.43820517949293, 10.271694251620083, 10.154456907689356, 4.674838781827272, 3.664833671479306, 5.5547678421431534, 7.284546033866414, 0.7465431641199805, 1.615171457794856, 2.2671356065639094, 1.1436123020027158, 1.3538115791698497, 8.001346258440813, 7.97086323370814, 8.66802077096262, 6.307820222483833, 7.24498021541543, 6.320655457985235, 7.115186129283514, 3.4157795942316818, 3.685629696518186, 4.132669893776427, 3.108322712510073, 1.352212133859401, 0.0, 5.169982064032065, 5.3389542362141835, 5.858043253394008, 3.952913889798506, 5.062643951725494, 3.638258852293057, 8.091202243733855, 8.8096325069448