4
3
36
10514
[0, 0, 0, 0, 0, 0, 751, 0, 0, 0, 733, 0, 0, 723, 716, 0, 712, 0, 0, 726, 0, 749, 743, 0, 0, 0, 722, 724, 0, 0, 752, 747, 721, 725, 0, 0]
[150, 145, 147, 142, 145, 145, 146, 144, 146, 145, 149, 141, 147, 142, 144, 149, 148, 147, 150, 141, 147, 147, 146, 143, 143, 141, 144, 145, 147, 143, 146, 146, 147, 149, 146, 150]
[[0, 1, 0, 0, 0, 0, 1, 1, 0, 0, 0, 0, 0, 0, 0, 0, 0, 0, 0, 0, 0, 0, 0, 0, 0, 0, 0, 0, 0, 0, 0, 0, 0, 0, 0, 0], [1, 0, 1, 0, 0, 0, 0, 0, 0, 0, 0, 0, 0, 0, 0, 0, 0, 0, 0, 0, 0, 0, 0, 0, 0, 0, 0, 0, 0, 0, 0, 0, 0, 0, 0, 0], [0, 1, 0, 0, 0, 0, 1, 0, 0, 0, 0, 0, 0, 0, 0, 0, 1, 0, 0, 0, 0, 0, 0, 0, 0, 0, 0, 0, 0, 0, 0, 0, 0, 0, 0, 0], [0, 0, 0, 0, 1, 0, 0, 1, 0, 0, 0, 1, 0, 0, 0, 0, 0, 0, 0, 0, 0, 0, 0, 0, 0, 0, 0, 0, 0, 0, 0, 0, 0, 0, 0, 0], [0, 0, 0, 1, 0, 0, 0, 1, 0, 0, 0, 1, 0, 0, 0, 0, 0, 0, 0, 0, 0, 0, 0, 0, 0, 0, 0, 0, 0, 0, 0, 0, 0, 0, 0, 0], [0, 0, 0, 0, 0, 0, 0, 0, 0, 0, 0, 0, 0, 0, 0, 0, 0, 0, 1, 0, 0, 0, 0, 0, 0, 0, 0, 0, 0, 1, 0, 0, 1, 0, 0, 0], [1, 0, 1, 0, 0, 0, 0, 1, 0, 0, 0, 0, 0, 0, 1, 0, 0, 0, 0, 0, 0, 0, 0, 0, 0, 0, 0, 0, 0, 0, 0, 0, 0, 0, 0, 0], [1, 0, 0, 1, 1, 0, 1, 0, 0, 0, 1, 0, 0, 0, 0, 0, 0, 0, 0, 0, 0, 0, 0, 0, 0, 0, 0, 0, 0, 0, 0, 0, 0, 0, 0, 0], [0, 0, 0, 0, 0, 0, 0, 0, 0, 1, 0, 0, 0, 0, 0, 0, 0, 0, 0, 0, 1, 0, 0, 0, 0, 0, 0, 0, 0, 1, 0, 0, 1, 0, 1, 0], [0, 0, 0, 0, 0, 0, 0, 0, 1, 0, 0, 0, 0, 0, 1, 1, 0, 1, 0, 1, 1, 0, 0, 0, 0, 0, 0, 0, 0, 0, 0, 0, 0, 0, 0, 0], [0, 0, 0, 0, 0, 0, 0, 1, 0, 0, 0, 0, 0, 0, 1, 0, 0, 0, 0, 1, 0, 0, 0, 0, 1, 0, 0, 0, 0, 0, 0, 0, 0, 0, 0, 0], [0, 0, 0, 1, 1, 0, 0, 0, 0, 0, 0, 0, 1, 0, 0, 0, 0, 0, 0, 0, 0, 0, 0, 0, 1, 0, 0, 0, 0, 0, 0, 0, 0, 0, 0, 0], [0, 0, 0, 0, 0, 0, 0, 0, 0, 0, 0, 1, 0, 0, 0, 0, 0, 0, 0, 0, 0, 0, 0, 1, 1, 0, 0, 0, 0, 0, 0, 0, 0, 0, 0, 0], [0, 0, 0, 0, 0, 0, 0, 0, 0, 0, 0, 0, 0, 0, 1, 1, 1, 0, 0, 0, 0, 0, 0, 0, 0, 0, 0, 0, 0, 0, 0, 0, 0, 0, 0, 0], [0, 0, 0, 0, 0, 0, 1, 0, 0, 1, 1, 0, 0, 1, 0, 0, 1, 0, 0, 0, 0, 0, 0, 0, 0, 0, 0, 0, 0, 0, 0, 0, 0, 0, 0, 0], [0, 0, 0, 0, 0, 0, 0, 0, 0, 1, 0, 0, 0, 1, 0, 0, 0, 1, 0, 0, 0, 0, 0, 0, 0, 0, 0, 0, 0, 0, 0, 0, 0, 0, 0, 0], [0, 0, 1, 0, 0, 0, 0, 0, 0, 0, 0, 0, 0, 1, 1, 0, 0, 0, 0, 0, 0, 0, 0, 0, 0, 0, 0, 0, 0, 0, 0, 0, 0, 0, 0, 0], [0, 0, 0, 0, 0, 0, 0, 0, 0, 1, 0, 0, 0, 0, 0, 1, 0, 0, 0, 0, 0, 0, 0, 0, 0, 0, 0, 0, 1, 0, 0, 0, 0, 0, 0, 0], [0, 0, 0, 0, 0, 1, 0, 0, 0, 0, 0, 0, 0, 0, 0, 0, 0, 0, 0, 0, 0, 0, 0, 0, 0, 0, 0, 0, 0, 0, 0, 1, 0, 0, 0, 0], [0, 0, 0, 0, 0, 0, 0, 0, 0, 1, 1, 0, 0, 0, 0, 0, 0, 0, 0, 0, 1, 0, 0, 0, 0, 0, 0, 0, 0, 0, 0, 0, 0, 0, 0, 1], [0, 0, 0, 0, 0, 0, 0, 0, 1, 1, 0, 0, 0, 0, 0, 0, 0, 0, 0, 1, 0, 0, 0, 0, 0, 0, 0, 0, 0, 0, 0, 0, 0, 0, 1, 0], [0, 0, 0, 0, 0, 0, 0, 0, 0, 0, 0, 0, 0, 0, 0, 0, 0, 0, 0, 0, 0, 0, 1, 1, 1, 1, 0, 0, 0, 0, 0, 0, 0, 1, 0, 0], [0, 0, 0, 0, 0, 0, 0, 0, 0, 0, 0, 0, 0, 0, 0, 0, 0, 0, 0, 0, 0, 1, 0, 0, 0, 1, 0, 0, 0, 0, 0, 0, 0, 0, 0, 0], [0, 0, 0, 0, 0, 0, 0, 0, 0, 0, 0, 0, 1, 0, 0, 0, 0, 0, 0, 0, 0, 1, 0, 0, 1, 0, 0, 0, 0, 0, 0, 0, 0, 0, 0, 0], [0, 0, 0, 0, 0, 0, 0, 0, 0, 0, 1, 1, 1, 0, 0, 0, 0, 0, 0, 0, 0, 1, 0, 1, 0, 0, 0, 0, 0, 0, 0, 0, 0, 0, 0, 1], [0, 0, 0, 0, 0, 0, 0, 0, 0, 0, 0, 0, 0, 0, 0, 0, 0, 0, 0, 0, 0, 1, 1, 0, 0, 0, 0, 0, 0, 0, 0, 1, 0, 1, 0, 0], [0, 0, 0, 0, 0, 0, 0, 0, 0, 0, 0, 0, 0, 0, 0, 0, 0, 0, 0, 0, 0, 0, 0, 0, 0, 0, 0, 1, 1, 0, 0, 0, 0, 0, 0, 0], [0, 0, 0, 0, 0, 0, 0, 0, 0, 0, 0, 0, 0, 0, 0, 0, 0, 0, 0, 0, 0, 0, 0, 0, 0, 0, 1, 0, 0, 1, 0, 0, 0, 0, 0, 0], [0, 0, 0, 0, 0, 0, 0, 0, 0, 0, 0, 0, 0, 0, 0, 0, 0, 1, 0, 0, 0, 0, 0, 0, 0, 0, 1, 0, 0, 1, 0, 0, 0, 0, 0, 0], [0, 0, 0, 0, 0, 1, 0, 0, 1, 0, 0, 0, 0, 0, 0, 0, 0, 0, 0, 0, 0, 0, 0, 0, 0, 0, 0, 1, 1, 0, 0, 0, 1, 0, 0, 0], [0, 0, 0, 0, 0, 0, 0, 0, 0, 0, 0, 0, 0, 0, 0, 0, 0, 0, 0, 0, 0, 0, 0, 0, 0, 0, 0, 0, 0, 0, 0, 1, 1, 1, 1, 1], [0, 0, 0, 0, 0, 0, 0, 0, 0, 0, 0, 0, 0, 0, 0, 0, 0, 0, 1, 0, 0, 0, 0, 0, 0, 1, 0, 0, 0, 0, 1, 0, 0, 1, 0, 0], [0, 0, 0, 0, 0, 1, 0, 0, 1, 0, 0, 0, 0, 0, 0, 0, 0, 0, 0, 0, 0, 0, 0, 0, 0, 0, 0, 0, 0, 1, 1, 0, 0, 0, 1, 0], [0, 0, 0, 0, 0, 0, 0, 0, 0, 0, 0, 0, 0, 0, 0, 0, 0, 0, 0, 0, 0, 1, 0, 0, 0, 1, 0, 0, 0, 0, 1, 1, 0, 0, 0, 1], [0, 0, 0, 0, 0, 0, 0, 0, 1, 0, 0, 0, 0, 0, 0, 0, 0, 0, 0, 0, 1, 0, 0, 0, 0, 0, 0, 0, 0, 0, 1, 0, 1, 0, 0, 1], [0, 0, 0, 0, 0, 0, 0, 0, 0, 0, 0, 0, 0, 0, 0, 0, 0, 0, 0, 1, 0, 0, 0, 0, 1, 0, 0, 0, 0, 0, 1, 0, 0, 1, 1, 0]]
[58, 348, 219, 78, 362, 289, 296, 334, 444, 482, 112, 67, 148, 245, 420, 129, 421, 369, 444, 490, 190, 353, 455, 195, 243, 137, 343, 348, 440, 156, 211, 187, 392, 397, 270, 442]
0.03
[[0.0, 2.094646360813725, 2.754009018591483, 2.7480306491698028, 2.89684669228702, 8.498042709806647, 1.2814631518748432, 1.6903200672123575, 6.010245319794233, 4.934291099511281, 3.5464190388268912, 4.107241766348699, 5.951662262989855, 4.103601612387166, 2.7418144006873377, 4.95523662960424, 3.3599496749457485, 6.591757877946777, 9.347041533528275, 4.396634755269228, 5.1127880594586435, 7.154587048164509, 9.322223823550438, 6.825539845064638, 5.153901895264735, 9.487607065542196, 8.907675283088555, 9.250311011215748, 7.866453783255256, 8.038437596579385, 7.126548961769811, 8.703767470598118, 7.110321124931742, 7.2387394738983595, 6.186980042765073, 5.690573072725299], [2.094646360813725, 0.0, 1.4119344459747987, 4.7206950783933, 4.9908279785821055, 8.9892285757592, 2.3241638391151227, 3.648464833784699, 6.398849540315941, 5.064393289245524, 4.857676185653095, 6.155283696705059, 8.018935317516611, 3.5172070708170966, 3.5121649715008405, 4.533987530015222, 2.585454315157028, 6.048343676061845, 10.181792807012199, 5.401270355337376, 5.875800369044058, 8.72972805700888, 10.789560180693789, 8.718066042091365, 6.882343464872995, 10.737397193516175, 8.48353241460085, 8.980399437416349, 7.451463121980604, 8.12230226657858, 8.112623977178139, 9.72872362571898, 7.733539550097186, 8.465998178389425, 7.05859537752153, 6.90232991481142], [2.754009018591483, 1.4119344459747987, 0.0, 4.854715422547993, 5.480303444489721, 7.826132432880315, 2.2347186106439585, 3.863907786370323, 5.252356038045316, 3.8642443784719176, 4.350832043019242, 6.360188234346426, 8.233020651562478, 2.1514932291448883, 2.831266301622527, 3.1735123860384564, 1.225364020380695, 4.646893436059614, 9.158734970093478, 4.637742872424691, 4.937879122333392, 8.239332611635854, 10.164850230856274, 8.573758155522572, 6.59996122683949, 9.951746630090414, 7.083909291171986, 7.598780976374756, 6.056978903808479, 6.827777220254926, 7.215327494739634, 8.817945963504105, 6.654082411824531, 7.712025040490304, 6.12876702487357, 6.1909851126211235], [2.7480306491698028, 4.7206950783933, 4.854715422547993, 0.0, 1.3690369593540401, 7.380451228078738, 2.6203280639538677, 1.074519628711105, 5.354934539602618, 4.876085724924703, 2.158463798421623, 1.5078478773451476, 3.3783876383975326, 5.13360149423184, 2.8207923127204313, 5.573492767650516, 4.8177916364530295, 7.054307026416261, 7.707614249959063, 3.2134577174043417, 4.107424765635402, 4.680122996863411, 6.901421580372408, 4.083397663271873, 2.5863661750108995, 7.312965305589374, 8.965982183917331, 9.080038830600374, 8.010778084111378, 7.512878828876236, 5.453747817574525, 6.852392293271337, 5.955112801692652, 5.215063547236145, 4.801729820768225, 3.861028963586054], [2.89684669228702, 4.9908279785821055, 5.480303444489721, 1.3690369593540401, 0.0, 8.741704063793154, 3.338517665639372, 1.7408706468088515, 6.713078403769099, 6.159571416019147, 3.5227073964679576, 1.573531962062731, 3.1893336725784236, 6.1762950518674895, 3.979902149390132, 6.738280300207656, 5.710125680819845, 8.27980260384384, 8.999833856891993, 4.5810132443945335, 5.474506918987447, 5.661766333966749, 7.870030069785263, 4.584359292339333, 3.5923260620033983, 8.430848482023652, 10.277086562342074, 10.41856948724706, 9.30316168204332, 8.873186146916378, 6.763822457606523, 8.10113484683951, 7.319168351277256, 6.436105375456447, 6.157647034357294, 5.1688742731877015], [8.498042709806647, 8.9892285757592, 7.826132432880315, 7.380451228078738, 8.741704063793154, 0.0, 7.258128205949072, 7.579855153525902, 2.590392528128531, 3.962103783090548, 5.297080086201755, 7.958552914255338, 8.782250480902691, 5.8255596335512445, 5.769433118060205, 4.927571261660164, 6.647198886385364, 4.412383298401213, 1.898813154686334, 4.249863660585646, 3.4160104016013224, 5.09299440525582, 5.160772609520824, 7.149645951920213, 5.866772449266983, 4.000247209888266, 3.8111393211684743, 3.269970259930784, 3.7057777851125437, 1.7802522742749474, 2.3515135843970394, 2.5007700718017007, 1.4324622370455917, 3.3241834301086657, 2.5901737604754227, 3.7310632105502295], [1.2814631518748432, 2.3241638391151227, 2.2347186106439585, 2.6203280639538677, 3.338517665639372, 7.258128205949072, 0.0, 1.6475045073302055, 4.743470291430855, 3.6537500567067775, 2.5722417345292694, 4.1254810485970514, 5.998713590417299, 2.9825493029951065, 1.4888076220826052, 3.7494557585536508, 2.389225559725129, 5.382086159697152, 8.197474471274534, 3.2671509389524145, 3.909425927321031, 6.4107319868864945, 8.495720641286477, 6.451402479215031, 4.567134585653369, 8.520964004593045, 7.657027736973303, 7.980506835978234, 6.620097722404153, 6.7575331586881395, 6.020191709050113, 7.622996378204296, 5.88995519355177, 6.249358244599494, 5.029662333015893, 4.681060525675512], [1.6903200672123575, 3.648464833784699, 3.863907786370323, 1.074519628711105, 1.7408706468088515, 7.579855153525902, 1.6475045073302055, 0.0, 5.310463662696326, 4.564071838076334, 2.3055213404524046, 2.5282086505466443, 4.405174885917176, 4.436947512070331, 2.3021014060913116, 5.030304331481743, 3.9819219760799167, 6.602607562515545, 8.152400972420404, 3.3306567553970803, 4.180411956919614, 5.54364093417131, 7.742543093653973, 5.136777808856132, 3.4975915136119733, 8.022185242528383, 8.694602831220694, 8.899592765930649, 7.694075449213045, 7.457212834229335, 5.888845573876119, 7.393267810303889, 6.149752123945963, 5.828218638107974, 5.081211393863694, 4.346572503041618], [6.010245319794233, 6.398849540315941, 5.252356038045316, 5.354934539602618, 6.713078403769099, 2.590392528128531, 4.743470291430855, 5.310463662696326, 0.0, 1.4086550771407034, 3.198612663458856, 6.285239953707393, 7.546964505500035, 3.3361193692414015, 3.2694592148640917, 2.5713110922358093, 4.097584402171327, 2.790712426558541, 3.985849266397607, 2.1708766407578626, 1.3022862886052142, 4.890486479596607, 6.000200052893164, 6.465638801045338, 4.651669609162951, 5.300278286376566, 3.8016617191609723, 3.772335336582829, 3.0261954848477095, 2.1611608358958203, 2.5209650163390065, 3.8968386729834426, 1.4590165598657314, 3.462419119092503, 1.6059967231133754, 2.6646248584428487], [4.934291099511281, 5.064393289245524, 3.8642443784719176, 4.876085724924703, 6.159571416019147, 3.962103783090548, 3.6537500567067775, 4.564071838076334, 1.4086550771407034, 0.0, 2.879441941557151, 6.065010677240716, 7.584580262788288, 1.93683423633148, 2.29791607864931, 1.3111550508627745, 2.692541385408606, 2.2590476455686836, 5.387186161251004, 2.1494007876572487, 1.6969984052125449, 5.67037396891814, 7.10238361822408, 6.894499002915218, 4.900841026239767, 6.553459944240968, 4.131262858185695, 4.361176321689894, 3.1436970302702525, 3.1268417322053326, 3.728618652829069, 5.223355784107729, 2.857198753862016, 4.5214902078446215, 2.668152379192505, 3.3371439114249286], [3.5464190388268912, 4.857676185653095, 4.350832043019242, 2.158463798421623, 3.5227073964679576, 5.297080086201755, 2.5722417345292694, 2.3055213404524046, 3.198612663458856, 2.879441941557151, 0.0, 3.192017175101755, 4.735337294527892, 3.71316201932687, 1.5426541829471778, 3.8338521690609193, 3.7757982482942167, 5.131537731473473, 5.8675090026299666, 1.063653135393865, 1.9536181976123566, 3.902961145778359, 5.932408563732215, 4.393209802284373, 2.341971858905549, 5.964385030831258, 6.867470084992137, 6.941837819848623, 5.948092802902882, 5.354795132288982, 3.6141026506722564, 5.165947596994926, 3.8646183401835024, 3.7011216834094998, 2.775803857397966, 2.1447025101947665], [4.107241766348699, 6.155283696705059, 6.360188234346426, 1.5078478773451476, 1.573531962062731, 7.958552914255338, 4.1254810485970514, 2.5282086505466443, 6.285239953707393, 6.065010677240716, 3.192017175101755, 0.0, 1.8778494920591233, 6.563632958961381, 4.218702002208256, 6.910980433122815, 6.305008763172158, 8.304721342108724, 7.930470260831116, 4.124335421876669, 4.984920914586108, 4.244763219215691, 6.41236722206076, 3.011103517983396, 2.2945022266536568, 7.091114826202238, 10.034725980015486, 10.057571501798956, 9.134596167515646, 8.388132341984408, 5.784503289108688, 6.950269776685342, 6.589790820969458, 5.269308956516604, 5.389943772599729, 4.239643468553157], [5.951662262989855, 8.018935317516611, 8.233020651562478, 3.3783876383975326, 3.1893336725784236, 8.782250480902691, 5.998713590417299, 4.405174885917176, 7.546964505500035, 7.584580262788288, 4.735337294527892, 1.8778494920591233, 0.0, 8.315876935854682, 5.969980471932078, 8.561047602287028, 8.127589594263785, 9.843549314627536, 8.349617315092368, 5.493407432745946, 6.263116648663337, 4.1796032044803635, 6.026208500619535, 2.1912717755539215, 2.9515352035170506, 7.011688100318048, 11.348551011119042, 11.268805589665051, 10.52337600639792, 9.522791428228619, 6.45694119742305, 7.274419261685318, 7.535941994193019, 5.677456300123437, 6.362967753601212, 5.1172652684081665], [4.103601612387166, 3.5172070708170966, 2.1514932291448883, 5.13360149423184, 6.1762950518674895, 5.8255596335512445, 2.9825493029951065, 4.436947512070331, 3.3361193692414015, 1.93683423633148, 3.71316201932687, 6.563632958961381, 8.315876935854682, 0.0, 2.3490546161170847, 1.022091966470862, 0.9327830528485597, 2.5668677155891113, 7.3211067440367525, 3.4838008590025114, 3.417725093758525, 7.235051034256052, 8.882224556594508, 8.0914958210016, 6.035080852699318, 8.435585251387694, 4.984878774716379, 5.463408996297553, 3.945292505888459, 4.698996787568326, 5.614812687759286, 7.1457860791345045, 4.791623233752129, 6.316699673862025, 4.529155213240117, 4.956878847180873], [2.7418144006873377, 3.5121649715008405, 2.831266301622527, 2.8207923127204313, 3.979902149390132, 5.769433118060205, 1.4888076220826052, 2.3021014060913116, 3.2694592148640917, 2.29791607864931, 1.5426541829471778, 4.218702002208256, 5.969980471932078, 2.3490546161170847, 0.0, 2.764594515273901, 2.254504564234856, 4.305389307316017, 6.746058443858006, 1.8891945618773516, 2.436668125186688, 5.408903948340174, 7.353865544648209, 5.898549435121337, 3.864060700013906, 7.230321584390071, 6.412312366816587, 6.658563612218292, 5.401327816159453, 5.33036005253048, 4.614718148475451, 6.229241950400147, 4.404045187840117, 4.962711482829874, 3.586138635191511, 3.4081704265331325], [4.95523662960424, 4.533987530015222, 3.1735123860384564, 5.573492767650516, 6.738280300207656, 4.927571261660164, 3.7494557585536508, 5.030304331481743, 2.5713110922358093, 1.3111550508627745, 3.8338521690609193, 6.910980433122815, 8.561047602287028, 1.022091966470862, 2.764594515273901, 0.0, 1.953483251048081, 1.6366851522894845, 6.5255497992502765, 3.3206256817721047, 2.995906712213726, 6.957602916062892, 8.411768069209014, 8.070731827689766, 6.037662765651635, 7.832756536655946, 4.002562433079438, 4.45192640790088, 2.9577101255469365, 3.700341423124499, 5.01403439401738, 6.463224903193237, 4.0200253152145144, 5.831151060457197, 3.970124140736859, 4.627291022092816], [3.3599496749457485, 2.585454315157028, 1.225364020380695, 4.8177916364530295, 5.710125680819845, 6.647198886385364, 2.389225559725129, 3.9819219760799167, 4.097584402171327, 2.692541385408606, 3.7757982482942167, 6.305008763172158, 8.127589594263785, 0.9327830528485597, 2.254504564234856, 1.953483251048081, 0.0, 3.4766040847496056, 8.051928233682368, 3.807946859221198, 3.944298694177599, 7.535971956704457, 9.329499615174495, 8.15248623865215, 6.112907476060418, 8.998959703465921, 5.905721719866671, 6.395007840733319, 4.869680144888382, 5.604428428205835, 6.209287784089228, 7.78620385876781, 5.528430308212968, 6.8072843942470405, 5.114732953887024, 5.350783731307595], [6.591757877946777, 6.048343676061845, 4.646893436059614, 7.054307026416261, 8.27980260384384, 4.412383298401213, 5.382086159697152, 6.602607562515545, 2.790712426558541, 2.2590476455686836, 5.131537731473473, 8.304721342108724, 9.843549314627536, 2.5668677155891113, 4.305389307316017, 1.6366851522894845, 3.4766040847496056, 0.0, 6.2379269661387164, 4.384781551403133, 3.774853632965138, 7.657070019699733, 8.755602911219688, 9.07818762115402, 7.12540259799244, 7.943045861238834, 2.4372193649844305, 2.9965271853615763, 1.4226076813051347, 2.792866670400153, 5.265568986016742, 6.456005486057835, 3.974575770662435, 6.246943603719969, 4.396061378385949, 5.367743759917613], [9.347041533528275, 10.181792807012199, 9.158734970093478, 7.707614249959063, 8.999833856891993, 1.898813154686334, 8.197474471274534, 8.152400972420404, 3.985849266397607, 5.387186161251004, 5.8675090026299666, 7.930470260831116, 8.349617315092368, 7.3211067440367525, 6.746058443858006, 6.5255497992502765, 8.051928233682368, 6.2379269661387164, 0.0, 4.9507028098332, 4.316601029537478, 4.2575611524710455, 3.614251895129611, 6.41867635873643, 5.659201367021836, 2.298421176588799, 5.669963559647784, 5.066431173949672, 5.6041578374369765, 3.6790637176323027, 2.2657446175255327, 1.1072323133725828, 2.529988724003316, 2.692467226400346, 3.167949622112313, 3.8475819643602622], [4.396634755269228, 5.401270355337376, 4.637742872424691, 3.2134577174043417, 4.5810132443945335, 4.249863660585646, 3.2671509389524145, 3.3306567553970803, 2.1708766407578626, 2.1494007876572487, 1.063653135393865, 4.124335421876669, 5.493407432745946, 3.4838008590025114, 1.8891945618773516, 3.3206256817721047, 3.807946859221198, 4.384781551403133, 4.9507028098332, 0.0, 0.8942465388800975, 3.755645207693144, 5.53816366928892, 4.75792165336383, 2.75146996825717, 5.344794992037612, 5.915505498892352, 5.9388682164165525, 5.043210378240058, 4.31210607459416, 2.75306372139394, 4.35897117184248, 2.8191265320240704, 3.0834720001082547, 1.7936716487732092, 1.5555616183253345], [5.1127880594586435, 5.875800369044058, 4.937879122333392, 4.107424765635402, 5.474506918987447, 3.4160104016013224, 3.909425927321031, 4.180411956919614, 1.3022862886052142, 1.6969984052125449, 1.9536181976123566, 4.984920914586108, 6.263116648663337, 3.417725093758525, 2.436668125186688, 2.995906712213726, 3.944298694177599, 3.774853632965138, 4.316601029537478, 0.8942465388800975, 0.0, 3.9744765077287436, 5.468193727950076, 5.307771139347449, 3.4052127885274905, 5.05506053749663, 5.091380506798747, 5.0735452578621105, 4.267025140909401, 3.4223351371727238, 2.2780632032470605, 3.8817359805350913, 2.002636950929297, 2.8989791896753436, 1.1924334110761405, 1.6416355636166782], [7.154587048164509, 8.72972805700888, 8.239332611635854, 4.680122996863411, 5.661766333966749, 5.09299440525582, 6.4107319868864945, 5.54364093417131, 4.890486479596607, 5.67037396891814, 3.902961145778359, 4.244763219215691, 4.1796032044803635, 7.235051034256052, 5.408903948340174, 6.957602916062892, 7.535971956704457, 7.657070019699733, 4.2575611524710455, 3.755645207693144, 3.9744765077287436, 0.0, 2.223120704605951, 2.1611246803894932, 2.0989474590758035, 2.8826410323792797, 8.393710804605774, 8.08964659724759, 7.819572780621616, 6.311932320404182, 2.801462366458724, 3.155341255609107, 4.183356045625234, 1.7689069379711038, 3.3043630800865946, 2.3332324619521883], [9.322223823550438, 10.789560180693789, 10.164850230856274, 6.901421580372408, 7.870030069785263, 5.160772609520824, 8.495720641286477, 7.742543093653973, 6.000200052893164, 7.10238361822408, 5.932408563732215, 6.41236722206076, 6.026208500619535, 8.882224556594508, 7.353865544648209, 8.411768069209014, 9.329499615174495, 8.755602911219688, 3.614251895129611, 5.53816366928892, 5.468193727950076, 2.223120704605951, 0.0, 3.8368609107753398, 4.3220630215155404, 1.3763699709694395, 8.902932698483948, 8.422858511154649, 8.566952039248164, 6.776702306564446, 3.490296368966748, 2.6727888414004597, 4.837633346030361, 2.5809275260843907, 4.450742439257018, 3.983607836731388], [6.825539845064638, 8.718066042091365, 8.573758155522572, 4.083397663271873, 4.584359292339333, 7.149645951920213, 6.451402479215031, 5.136777808856132, 6.465638801045338, 6.894499002915218, 4.393209802284373, 3.011103517983396, 2.1912717755539215, 8.0914958210016, 5.898549435121337, 8.070731827689766, 8.15248623865215, 9.07818762115402, 6.41867635873643, 4.75792165336383, 5.307771139347449, 2.1611246803894932, 3.8368609107753398, 0.0, 2.0564350159458322, 4.8724266213877065, 10.182768760956584, 9.971654025494864, 9.488266997329426, 8.185868113515912, 4.803769682494314, 5.316062638591054, 6.080172887105709, 3.8599047635113752, 5.019981260267343, 3.8120282717190355], [5.153901895264735, 6.882343464872995, 6.59996122683949, 2.5863661750108995, 3.5923260620033983, 5.866772449266983, 4.567134585653369, 3.4975915136119733, 4.651669609162951, 4.900841026239767, 2.341971858905549, 2.2945022266536568, 2.9515352035170506, 6.035080852699318, 3.864060700013906, 6.037662765651635, 6.112907476060418, 7.12540259799244, 5.659201367021836, 2.75146996825717, 3.4052127885274905, 2.0989474590758035, 4.3220630215155404, 2.0564350159458322, 0.0, 4.843095179276507, 8.445027791207357, 8.332114983869362, 7.665096623437177, 6.576516999481879, 3.586688533405235, 4.660182207918367, 4.588446087250159, 2.981358972731118, 3.4114722089480645, 2.1676251718156125], [9.487607065542196, 10.737397193516175, 9.951746630090414, 7.312965305589374, 8.430848482023652, 4.000247209888266, 8.520964004593045, 8.022185242528383, 5.300278286376566, 6.553459944240968, 5.964385030831258, 7.091114826202238, 7.011688100318048, 8.435585251387694, 7.230321584390071, 7.832756536655946, 8.998959703465921, 7.943045861238834, 2.298421176588799, 5.344794992037612, 5.05506053749663, 2.8826410323792797, 1.3763699709694395, 4.8724266213877065, 4.843095179276507, 0.0, 7.80383191674084, 7.265254749600905, 7.577758313744156, 5.710578261731522, 2.825389097283708, 1.526440267144958, 3.968734041583655, 2.2735001928651073, 3.9065167886352477, 3.842053350969005], [8.907675283088555, 8.48353241460085, 7.083909291171986, 8.965982183917331, 10.277086562342074, 3.8111393211684743, 7.657027736973303, 8.694602831220694, 3.8016617191609723, 4.131262858185695, 6.867470084992137, 10.034725980015486, 11.348551011119042, 4.984878774716379, 6.412312366816587, 4.002562433079438, 5.905721719866671, 2.4372193649844305, 5.669963559647784, 5.915505498892352, 5.091380506798747, 8.393710804605774, 8.902932698483948, 10.182768760956584, 8.445027791207357, 7.80383191674084, 0.0, 0.7875918042828379, 1.045577359350065, 2.131822476662392, 5.640912259465543, 6.28791672663638, 4.221669152677984, 6.713999355458878, 5.165774009905218, 6.378210485115642], [9.250311011215748, 8.980399437416349, 7.598780976374756, 9.080038830600374, 10.41856948724706, 3.269970259930784, 7.980506835978234, 8.899592765930649, 3.772335336582829, 4.361176321689894, 6.941837819848623, 10.057571501798956, 11.268805589665051, 5.463408996297553, 6.658563612218292, 4.45192640790088, 6.395007840733319, 2.9965271853615763, 5.066431173949672, 5.9388682164165525, 5.0735452578621105, 8.08964659724759, 8.422858511154649, 9.971654025494864, 8.332114983869362, 7.265254749600905, 0.7875918042828379, 0.0, 1.5805007107411797, 1.7867377824577655, 5.297066497634415, 5.770557532171809, 3.9119204854703757, 6.3638650768659115, 4.96467231289125, 6.207477806825027], [7.866453783255256, 7.451463121980604, 6.056978903808479, 8.010778084111378, 9.30316168204332, 3.7057777851125437, 6.620097722404153, 7.694075449213045, 3.0261954848477095, 3.1436970302702525, 5.948092802902882, 9.134596167515646, 10.52337600639792, 3.945292505888459, 5.401327816159453, 2.9577101255469365, 4.869680144888382, 1.4226076813051347, 5.6041578374369765, 5.043210378240058, 4.267025140909401, 7.819572780621616, 8.566952039248164, 9.488266997329426, 7.665096623437177, 7.577758313744156, 1.045577359350065, 1.5805007107411797, 0.0, 1.92688694771398, 5.163328511011494, 6.052037161261468, 3.749422683883844, 6.221603676342105, 4.525628350218133, 5.6791053356984165], [8.038437596579385, 8.12230226657858, 6.827777220254926, 7.512878828876236, 8.873186146916378, 1.7802522742749474, 6.7575331586881395, 7.457212834229335, 2.1611608358958203, 3.1268417322053326, 5.354795132288982, 8.388132341984408, 9.522791428228619, 4.698996787568326, 5.33036005253048, 3.700341423124499, 5.604428428205835, 2.792866670400153, 3.6790637176323027, 4.31210607459416, 3.4223351371727238, 6.311932320404182, 6.776702306564446, 8.185868113515912, 6.576516999481879, 5.710578261731522, 2.131822476662392, 1.7867377824577655, 1.92688694771398, 0.0, 3.5305821747382513, 4.186240520443821, 2.1293222412344397, 4.602373416795702, 3.1870491174324473, 4.434832310989425], [7.126548961769811, 8.112623977178139, 7.215327494739634, 5.453747817574525, 6.763822457606523, 2.3515135843970394, 6.020191709050113, 5.888845573876119, 2.5209650163390065, 3.728618652829069, 3.6141026506722564, 5.784503289108688, 6.45694119742305, 5.614812687759286, 4.614718148475451, 5.01403439401738, 6.209287784089228, 5.265568986016742, 2.2657446175255327, 2.75306372139394, 2.2780632032470605, 2.801462366458724, 3.490296368966748, 4.803769682494314, 3.586688533405235, 2.825389097283708, 5.640912259465543, 5.297066497634415, 5.163328511011494, 3.5305821747382513, 0.0, 1.6160997356930344, 1.4240336213106681, 1.0731366935541287, 1.0945881127418366, 1.595278527156183], [8.703767470598118, 9.72872362571898, 8.817945963504105, 6.852392293271337, 8.10113484683951, 2.5007700718017007, 7.622996378204296, 7.393267810303889, 3.8968386729834426, 5.223355784107729, 5.165947596994926, 6.950269776685342, 7.274419261685318, 7.1457860791345045, 6.229241950400147, 6.463224903193237, 7.78620385876781, 6.456005486057835, 1.1072323133725828, 4.35897117184248, 3.8817359805350913, 3.155341255609107, 2.6727888414004597, 5.316062638591054, 4.660182207918367, 1.526440267144958, 6.28791672663638, 5.770557532171809, 6.052037161261468, 4.186240520443821, 1.6160997356930344, 0.0, 2.4977420992979567, 1.6813573423394976, 2.6895673028882854, 3.0471101210507445], [7.110321124931742, 7.733539550097186, 6.654082411824531, 5.955112801692652, 7.319168351277256, 1.4324622370455917, 5.88995519355177, 6.149752123945963, 1.4590165598657314, 2.857198753862016, 3.8646183401835024, 6.589790820969458, 7.535941994193019, 4.791623233752129, 4.404045187840117, 4.0200253152145144, 5.528430308212968, 3.974575770662435, 2.529988724003316, 2.8191265320240704, 2.002636950929297, 4.183356045625234, 4.837633346030361, 6.080172887105709, 4.588446087250159, 3.968734041583655, 4.221669152677984, 3.9119204854703757, 3.749422683883844, 2.1293222412344397, 1.4240336213106681, 2.4977420992979567, 0.0, 2.495141000692879, 1.2006588606840434, 2.421116548645953], [7.2387394738983595, 8.465998178389425, 7.712025040490304, 5.215063547236145, 6.436105375456447, 3.3241834301086657, 6.249358244599494, 5.828218638107974, 3.462419119092503, 4.5214902078446215, 3.7011216834094998, 5.269308956516604, 5.677456300123437, 6.316699673862025, 4.962711482829874, 5.831151060457197, 6.8072843942470405, 6.246943603719969, 2.692467226400346, 3.0834720001082547, 2.8989791896753436, 1.7689069379711038, 2.5809275260843907, 3.8599047635113752, 2.981358972731118, 2.2735001928651073, 6.713999355458878, 6.3638650768659115, 6.221603676342105, 4.602373416795702, 1.0731366935541287, 1.6813573423394976, 2.495141000692879, 0.0, 1.879703706124094, 1.5688409385530384], [6.186980042765073, 7.05859537752153, 6.12876702487357, 4.801729820768225, 6.157647034357294, 2.5901737604754227, 5.029662333015893, 5.081211393863694, 1.6059967231133754, 2.668152379192505, 2.775803857397966, 5.389943772599729, 6.362967753601212, 4.529155213240117, 3.586138635191511, 3.970124140736859, 5.114732953887024, 4.396061378385949, 3.167949622112313, 1.7936716487732092, 1.1924334110761405, 3.3043630800865946, 4.450742439257018, 5.019981260267343, 3.4114722089480645, 3.9065167886352477, 5.165774009905218, 4.96467231289125, 4.525628350218133, 3.1870491174324473, 1.0945881127418366, 2.6895673028882854, 1.2006588606840434, 1.879703706124094, 0.0, 1.2506734786276394], [5.690573072725299, 6.90232991481142, 6.1909851126211235, 3.861028963586054, 5.1688742731877015, 3.7310632105502295, 4.681060525675512, 4.346572503041618, 2.6646248584428487, 3.3371439114249286, 2.1447025101947665, 4.239643468553157, 5.1172652684081665, 4.956878847180873, 3.4081704265331325, 4.627291022092816, 5.350783731307595, 5.367743759917613, 3.8475819643602622, 1.5555616183253345, 1.6416355636166782, 2.3332324619521883, 3.983607836731388, 3.8120282717190355, 2.1676251718156125, 3.842053350969005, 6.378210485115642, 6.207477806825027, 5.6791053356984165, 4.434832310989425, 1.595278527156183, 3.0471101210507445, 2.421116548645953, 1.5688409385530384, 1.2506734786276394, 0.0]]
10
