3
2
36
9285
[662, 0, 658, 0, 636, 0, 0, 630, 649, 633, 0, 0, 631, 0, 654, 0, 638, 644, 0, 0, 0, 656, 0, 648, 0, 0, 0, 632, 0, 0, 0, 0, 0, 654, 0, 0]
[125, 132, 131, 132, 129, 127, 125, 125, 128, 129, 125, 129, 129, 126, 132, 125, 129, 126, 126, 130, 132, 130, 132, 126, 132, 129, 125, 132, 131, 128, 127, 129, 129, 132, 132, 126]
[[0, 1, 0, 0, 0, 0, 0, 0, 0, 1, 0, 1, 0, 0, 0, 0, 0, 0, 0, 0, 0, 0, 0, 0, 0, 0, 0, 0, 0, 0, 0, 0, 0, 0, 0, 0], [1, 0, 0, 0, 0, 0, 0, 0, 0, 0, 0, 1, 0, 0, 0, 1, 0, 0, 0, 0, 0, 0, 0, 0, 0, 0, 0, 0, 0, 0, 0, 0, 0, 0, 0, 0], [0, 0, 0, 0, 0, 0, 0, 1, 0, 0, 0, 0, 0, 0, 0, 0, 0, 0, 0, 0, 0, 0, 0, 0, 0, 0, 1, 0, 0, 0, 0, 0, 0, 0, 0, 0], [0, 0, 0, 0, 0, 0, 0, 0, 1, 0, 0, 0, 0, 0, 0, 0, 0, 0, 0, 0, 0, 0, 0, 0, 0, 0, 0, 0, 0, 0, 0, 0, 0, 0, 0, 0], [0, 0, 0, 0, 0, 0, 0, 0, 0, 0, 1, 0, 0, 0, 0, 0, 0, 0, 0, 0, 0, 0, 1, 0, 0, 0, 0, 0, 0, 0, 0, 0, 0, 0, 0, 0], [0, 0, 0, 0, 0, 0, 1, 0, 0, 0, 0, 0, 0, 0, 0, 0, 0, 0, 0, 0, 0, 0, 0, 0, 1, 0, 0, 0, 0, 0, 0, 0, 0, 0, 0, 0], [0, 0, 0, 0, 0, 1, 0, 0, 0, 0, 0, 0, 0, 1, 0, 0, 0, 0, 0, 0, 0, 0, 0, 0, 1, 0, 0, 0, 0, 0, 0, 0, 0, 0, 0, 0], [0, 0, 1, 0, 0, 0, 0, 0, 0, 0, 0, 0, 1, 0, 0, 0, 1, 0, 0, 0, 0, 0, 0, 0, 0, 0, 1, 0, 0, 0, 0, 0, 0, 0, 0, 0], [0, 0, 0, 1, 0, 0, 0, 0, 0, 1, 1, 0, 0, 0, 0, 0, 0, 0, 0, 0, 0, 1, 0, 0, 0, 0, 0, 0, 0, 0, 0, 0, 0, 0, 0, 0], [1, 0, 0, 0, 0, 0, 0, 0, 1, 0, 0, 1, 0, 0, 0, 0, 0, 0, 0, 0, 0, 1, 0, 0, 0, 0, 0, 0, 0, 0, 0, 0, 0, 0, 0, 0], [0, 0, 0, 0, 1, 0, 0, 0, 1, 0, 0, 0, 0, 0, 0, 0, 0, 0, 0, 0, 0, 0, 1, 0, 0, 0, 0, 0, 0, 0, 0, 0, 0, 0, 0, 0], [1, 1, 0, 0, 0, 0, 0, 0, 0, 1, 0, 0, 0, 0, 0, 1, 0, 0, 0, 1, 0, 1, 0, 0, 0, 0, 0, 0, 0, 0, 0, 0, 0, 0, 0, 1], [0, 0, 0, 0, 0, 0, 0, 1, 0, 0, 0, 0, 0, 0, 1, 0, 1, 1, 0, 0, 0, 0, 0, 0, 0, 0, 0, 0, 0, 0, 0, 0, 0, 0, 0, 0], [0, 0, 0, 0, 0, 0, 1, 0, 0, 0, 0, 0, 0, 0, 0, 0, 0, 0, 0, 0, 0, 0, 1, 0, 0, 0, 0, 0, 1, 0, 0, 0, 0, 0, 0, 0], [0, 0, 0, 0, 0, 0, 0, 0, 0, 0, 0, 0, 1, 0, 0, 0, 0, 0, 0, 0, 0, 0, 0, 0, 0, 0, 1, 1, 0, 0, 0, 0, 1, 0, 0, 0], [0, 1, 0, 0, 0, 0, 0, 0, 0, 0, 0, 1, 0, 0, 0, 0, 1, 0, 0, 0, 0, 0, 0, 0, 0, 0, 0, 0, 0, 0, 0, 0, 0, 0, 0, 1], [0, 0, 0, 0, 0, 0, 0, 1, 0, 0, 0, 0, 1, 0, 0, 1, 0, 0, 0, 0, 0, 0, 0, 0, 0, 0, 0, 0, 0, 0, 0, 1, 0, 0, 0, 0], [0, 0, 0, 0, 0, 0, 0, 0, 0, 0, 0, 0, 1, 0, 0, 0, 0, 0, 0, 0, 0, 0, 0, 0, 0, 0, 0, 0, 0, 0, 0, 1, 1, 0, 0, 0], [0, 0, 0, 0, 0, 0, 0, 0, 0, 0, 0, 0, 0, 0, 0, 0, 0, 0, 0, 0, 1, 1, 1, 0, 0, 0, 0, 0, 0, 0, 0, 0, 0, 1, 0, 0], [0, 0, 0, 0, 0, 0, 0, 0, 0, 0, 0, 1, 0, 0, 0, 0, 0, 0, 0, 0, 1, 1, 0, 0, 0, 0, 0, 0, 0, 0, 0, 0, 0, 0, 0, 1], [0, 0, 0, 0, 0, 0, 0, 0, 0, 0, 0, 0, 0, 0, 0, 0, 0, 0, 1, 1, 0, 0, 0, 0, 0, 0, 0, 0, 0, 0, 0, 0, 0, 0, 1, 0], [0, 0, 0, 0, 0, 0, 0, 0, 1, 1, 0, 1, 0, 0, 0, 0, 0, 0, 1, 1, 0, 0, 1, 0, 0, 0, 0, 0, 0, 0, 0, 0, 0, 0, 0, 0], [0, 0, 0, 0, 1, 0, 0, 0, 0, 0, 1, 0, 0, 1, 0, 0, 0, 0, 1, 0, 0, 1, 0, 0, 0, 0, 0, 0, 1, 0, 0, 0, 0, 1, 0, 0], [0, 0, 0, 0, 0, 0, 0, 0, 0, 0, 0, 0, 0, 0, 0, 0, 0, 0, 0, 0, 0, 0, 0, 0, 1, 1, 1, 1, 0, 0, 0, 0, 0, 0, 0, 0], [0, 0, 0, 0, 0, 1, 1, 0, 0, 0, 0, 0, 0, 0, 0, 0, 0, 0, 0, 0, 0, 0, 0, 1, 0, 1, 0, 0, 1, 0, 0, 0, 0, 0, 0, 0], [0, 0, 0, 0, 0, 0, 0, 0, 0, 0, 0, 0, 0, 0, 0, 0, 0, 0, 0, 0, 0, 0, 0, 1, 1, 0, 0, 0, 0, 0, 0, 0, 0, 0, 0, 0], [0, 0, 1, 0, 0, 0, 0, 1, 0, 0, 0, 0, 0, 0, 1, 0, 0, 0, 0, 0, 0, 0, 0, 1, 0, 0, 0, 0, 0, 0, 0, 0, 0, 0, 0, 0], [0, 0, 0, 0, 0, 0, 0, 0, 0, 0, 0, 0, 0, 0, 1, 0, 0, 0, 0, 0, 0, 0, 0, 1, 0, 0, 0, 0, 0, 1, 0, 0, 0, 0, 0, 0], [0, 0, 0, 0, 0, 0, 0, 0, 0, 0, 0, 0, 0, 1, 0, 0, 0, 0, 0, 0, 0, 0, 1, 0, 1, 0, 0, 0, 0, 1, 0, 0, 0, 1, 0, 0], [0, 0, 0, 0, 0, 0, 0, 0, 0, 0, 0, 0, 0, 0, 0, 0, 0, 0, 0, 0, 0, 0, 0, 0, 0, 0, 0, 1, 1, 0, 0, 0, 1, 1, 0, 0], [0, 0, 0, 0, 0, 0, 0, 0, 0, 0, 0, 0, 0, 0, 0, 0, 0, 0, 0, 0, 0, 0, 0, 0, 0, 0, 0, 0, 0, 0, 0, 1, 1, 1, 1, 0], [0, 0, 0, 0, 0, 0, 0, 0, 0, 0, 0, 0, 0, 0, 0, 0, 1, 1, 0, 0, 0, 0, 0, 0, 0, 0, 0, 0, 0, 0, 1, 0, 0, 0, 0, 1], [0, 0, 0, 0, 0, 0, 0, 0, 0, 0, 0, 0, 0, 0, 1, 0, 0, 1, 0, 0, 0, 0, 0, 0, 0, 0, 0, 0, 0, 1, 1, 0, 0, 0, 0, 0], [0, 0, 0, 0, 0, 0, 0, 0, 0, 0, 0, 0, 0, 0, 0, 0, 0, 0, 1, 0, 0, 0, 1, 0, 0, 0, 0, 0, 1, 1, 1, 0, 0, 0, 1, 0], [0, 0, 0, 0, 0, 0, 0, 0, 0, 0, 0, 0, 0, 0, 0, 0, 0, 0, 0, 0, 1, 0, 0, 0, 0, 0, 0, 0, 0, 0, 1, 0, 0, 1, 0, 1], [0, 0, 0, 0, 0, 0, 0, 0, 0, 0, 0, 1, 0, 0, 0, 1, 0, 0, 0, 1, 0, 0, 0, 0, 0, 0, 0, 0, 0, 0, 0, 1, 0, 0, 1, 0]]
[78, 427, 465, 284, 186, 444, 483, 54, 455, 230, 129, 127, 290, 468, 72, 59, 129, 416, 58, 345, 208, 130, 461, 52, 201, 223, 440, 65, 103, 260, 211, 408, 218, 294, 414, 398]
0.03
[[0.0, 1.7387905082820878, 8.90321476507184, 7.655098795001472, 8.665240576525663, 10.438272446681504, 10.758868631584681, 8.149453043472167, 6.307795408224936, 2.9359207202341073, 7.457841915828759, 1.9183030112449713, 6.421760012834643, 9.104487414350869, 7.369259579585911, 3.6564208747607836, 6.011449076286354, 5.639831851646391, 4.766716040715103, 3.0441907340721865, 4.052809054589093, 4.395746609215376, 7.474494368719088, 8.783456686237292, 9.5027309294739, 9.455214224442663, 8.543341443433667, 7.967353448991067, 7.927895015122832, 7.183004617432259, 5.27240672091879, 4.763701107615396, 6.218295345104185, 5.690364420080718, 4.350146905456265, 3.5644751403998898], [1.7387905082820878, 0.0, 7.940398365438814, 8.922661619757925, 9.360381593866876, 10.12212921256658, 10.725394269383873, 6.940607126047442, 7.4963468740663775, 4.375317308734386, 8.348941153370196, 2.209442725700826, 5.398591450634709, 9.29096796979905, 6.649837455780697, 2.298354804863746, 4.655547415614398, 4.841492762032834, 5.1569766611147365, 3.1942468252935656, 4.181127450522879, 5.310525167277042, 7.998634663664031, 8.221395297664499, 9.193929219988988, 8.854877881300169, 7.729833483680224, 7.437066038371746, 7.849667559144955, 6.9278264321732985, 4.968022331887594, 4.031132907791036, 5.7601229143102435, 5.795363447801875, 4.191420287123293, 3.027756444835641], [8.90321476507184, 7.940398365438814, 0.0, 10.788539756882267, 8.360143935103322, 4.171460117176836, 5.811258692386439, 1.6914610822315934, 9.58748595419645, 9.163161275282004, 8.716767606424309, 7.169804665790256, 2.5421205594308165, 6.03742160194714, 1.8768493067386167, 5.698718024403272, 3.7154511376790826, 3.2832302638678246, 6.18708332009599, 6.344896617159486, 5.78340759870985, 7.783079175918793, 7.004476730998673, 2.1736784873625523, 3.713628768298223, 2.178822219586489, 0.8742327401060163, 2.335482280992465, 4.392965685145232, 3.6282995857245464, 4.2685433726540944, 4.159369426189698, 3.3322230642425277, 5.178364160807734, 5.115398435074408, 5.376352674057212], [7.655098795001472, 8.922661619757925, 10.788539756882267, 0.0, 3.550651853700755, 9.06747244523393, 8.042427950421128, 11.290882697226492, 1.4732599629369707, 4.735579090523128, 2.277043993392834, 6.846475646090462, 9.564249667528578, 6.127255044616421, 8.969254055292394, 9.21717288378459, 10.468358732594455, 8.513873739707794, 5.007189775455197, 6.355896056181095, 5.965556703259513, 3.8312395281623184, 4.076062731807969, 9.10248751352213, 8.467767672797265, 9.652678492812573, 9.963966390700145, 8.551363988619382, 6.76194713006041, 7.193324842756447, 6.971564030194014, 8.083207482872412, 7.621037031182939, 5.695779241553564, 6.600165667004031, 7.529896452442228], [8.665240576525663, 9.360381593866876, 8.360143935103322, 3.550651853700755, 0.0, 5.77653701994878, 4.547231344133975, 9.29186200572229, 3.4122075383407493, 6.257395279451105, 1.5434581743188922, 7.161145887317488, 7.896973006797033, 2.761085450464458, 6.772590896204433, 8.7566686109716, 9.194632771112712, 7.021443768344116, 4.264374605165797, 6.209264066679613, 5.348464055089062, 4.292633766109509, 1.553250020551054, 6.355347233194533, 5.346182293572519, 6.772130497084114, 7.487197247473765, 6.025041785365545, 3.977251424996532, 4.8164838579431075, 5.553279319805456, 6.954934354043263, 5.755699665116885, 4.1399495885627315, 5.693703176103033, 6.955218327267829], [10.438272446681504, 10.12212921256658, 4.171460117176836, 9.06747244523393, 5.77653701994878, 0.0, 1.7785049226361804, 5.775207453055643, 8.315282495349399, 9.447815997190606, 6.790464350638017, 8.520114706522964, 5.582772376908952, 3.015455536543061, 3.8799871808793873, 8.306894249529925, 7.154697095577703, 5.507764421730327, 6.092313232434382, 7.403716061559794, 6.437318638997327, 7.463489498988752, 5.017224682596035, 2.2479415504720133, 0.9363838963792824, 1.9942900345197925, 3.50662752303062, 2.825286290518784, 2.70365673150439, 3.2553670057384463, 5.196556204639288, 6.163286845973682, 4.3659935108529915, 4.932135179250623, 6.091093869138411, 7.099773402451317], [10.758868631584681, 10.725394269383873, 5.811258692386439, 8.042427950421128, 4.547231344133975, 1.7785049226361804, 0.0, 7.3257200418836375, 7.538227593981439, 9.293411791742558, 5.813838721882399, 8.876712701407374, 6.814602167640974, 1.9968877586771172, 5.135688365126236, 9.174598635237974, 8.398655222976355, 6.49735562644384, 6.089346823567622, 7.735133025652883, 6.711209694125763, 7.194902527998844, 4.22329592503182, 3.7088709131583393, 2.121231600652046, 3.65461800181445, 5.059380060798097, 4.032548930607375, 2.8759349324599275, 3.868849437391144, 5.778246113527721, 6.992007950105651, 5.1736180559558145, 5.068912910280496, 6.543570407695314, 7.723429867569684], [8.149453043472167, 6.940607126047442, 1.6914610822315934, 11.290882697226492, 9.29186200572229, 5.775207453055643, 7.3257200418836375, 0.0, 9.970998619932628, 8.941354261076972, 9.39452425736495, 6.618471355119416, 1.8870943584850908, 7.255979175910503, 2.528494372827955, 4.642278441103792, 2.3580964616231617, 2.9487952511648117, 6.389939749457297, 6.015377665192847, 5.71687813919827, 7.910762043025803, 7.822664333763624, 3.616894649926966, 5.204507937696538, 3.7906901171094125, 2.2753510770158805, 3.46471009430629, 5.467948841166869, 4.482397759715832, 4.369313899441259, 3.7006872232730355, 3.682053649616848, 5.599223989156733, 5.007338939766064, 4.843603352373187], [6.307795408224936, 7.4963468740663775, 9.58748595419645, 1.4732599629369707, 3.4122075383407493, 8.315282495349399, 7.538227593981439, 9.970998619932628, 0.0, 3.4491335428274223, 1.8708766107703378, 5.390223684494037, 8.200162808570004, 5.5482754423291, 7.734098139683393, 7.7442802181090125, 9.038915575722719, 7.135679136361846, 3.6120611733025023, 4.883083498927638, 4.522564581270648, 2.3588766738395273, 3.3363922674093986, 8.048745439136328, 7.616038263687013, 8.64390955291499, 8.792184586132537, 7.428879388681417, 5.811301459693231, 6.067831527583707, 5.614314843345774, 6.660113188845848, 6.336955772245345, 4.421963671590827, 5.175387605606061, 6.065405275894349], [2.9359207202341073, 4.375317308734386, 9.163161275282004, 4.735579090523128, 6.257395279451105, 9.447815997190606, 9.293411791742558, 8.941354261076972, 3.4491335428274223, 0.0, 4.862554234821563, 2.6846087653534387, 7.055475481436161, 7.39850099786302, 7.34568405506794, 5.355900744528393, 7.302285667141858, 6.022123943870941, 3.3648562889661244, 2.930185229520391, 3.3906344429676634, 2.1218628400128265, 5.382943122914692, 8.335930643207634, 8.563933229961904, 9.01831482602434, 8.561204891713274, 7.54615922082613, 6.7488500615401135, 6.3905933658075185, 4.923662466374795, 5.242099001894507, 5.922073485853769, 4.547521457566243, 4.048036450438051, 4.173256695586148], [7.457841915828759, 8.348941153370196, 8.716767606424309, 2.277043993392834, 1.5434581743188922, 6.790464350638017, 5.813838721882399, 9.39452425736495, 1.8708766107703378, 4.862554234821563, 0.0, 6.142944860736853, 7.794101129096305, 3.8664123604671183, 6.96281469059533, 8.08229713946353, 8.905305221306206, 6.806446579813444, 3.5446197816189464, 5.33313645140416, 4.6370085274393915, 3.0741663968184736, 1.8149475739633043, 6.914215332075807, 6.2000016007766146, 7.434376194343097, 7.86752671336044, 6.422321046615449, 4.537472028271382, 5.0889717153742815, 5.256329016181167, 6.548962202386245, 5.721811525609077, 3.857570160225408, 5.136127608993224, 6.28732115956914], [1.9183030112449713, 2.209442725700826, 7.169804665790256, 6.846475646090462, 7.161145887317488, 8.520114706522964, 8.876712701407374, 6.618471355119416, 5.390223684494037, 2.6846087653534387, 6.142944860736853, 0.0, 4.787431273377133, 7.286573785785806, 5.537686369287618, 2.6718747605562303, 4.731893029638072, 3.8872949197053743, 3.0145483833985454, 1.141594105054113, 2.1681556901161096, 3.1273392606142902, 5.833259249187711, 6.891912242552396, 7.584489038115304, 7.569040407671601, 6.736504026606221, 6.073456903011644, 6.028227797655487, 5.264789257328123, 3.3604493422453343, 3.0153380696827456, 4.322616970234088, 3.8209174752743555, 2.432345444767354, 1.8019924416897162], [6.421760012834643, 5.398591450634709, 2.5421205594308165, 9.564249667528578, 7.896973006797033, 5.582772376908952, 6.814602167640974, 1.8870943584850908, 8.200162808570004, 7.055475481436161, 7.794101129096305, 4.787431273377133, 0.0, 6.2520360103403885, 1.706239561972321, 3.1655377177321853, 1.5861197365272832, 1.0801320133127066, 4.591545448772472, 4.132184987593774, 3.848308833002755, 6.067685994612092, 6.36646977601788, 3.357329599019653, 4.7913238324926954, 3.83969422534127, 2.445559989613207, 2.799416989746453, 4.404580410268293, 3.2865574415554573, 2.5926987387052804, 1.8190291844493431, 2.141964867926355, 3.93829948025161, 3.1387640781785597, 2.9919604350404536], [9.104487414350869, 9.29096796979905, 6.03742160194714, 6.127255044616421, 2.761085450464458, 3.015455536543061, 1.9968877586771172, 7.255979175910503, 5.5482754423291, 7.39850099786302, 3.8664123604671183, 7.286573785785806, 6.2520360103403885, 0.0, 4.773623257441987, 8.039328878180344, 7.760509243458463, 5.645657294662765, 4.345144440355356, 6.161192128484717, 5.136145771363944, 5.281059851094759, 2.2264469216258775, 3.8934317265557365, 2.6472493703312994, 4.1836857735708, 5.176096401664613, 3.7974217436171394, 1.8478386487960399, 2.9717245965242385, 4.544169657638808, 5.919619906559889, 4.248706039789867, 3.4964260430042877, 5.127978816446281, 6.401325268336884], [7.369259579585911, 6.649837455780697, 1.8768493067386167, 8.969254055292394, 6.772590896204433, 3.8799871808793873, 5.135688365126236, 2.528494372827955, 7.734098139683393, 7.34568405506794, 6.96281469059533, 5.537686369287618, 1.706239561972321, 4.773623257441987, 0.0, 4.589992987370383, 3.2883616818072054, 1.8097701186502873, 4.310592867274388, 4.610010377698045, 3.9551840638974185, 5.907666438265112, 5.326591894440106, 1.6785137405413864, 3.087619200201615, 2.236332375638635, 1.2209488948501257, 1.103736781676748, 2.954714526275743, 1.9569888754741451, 2.424161340425083, 2.6395407172866947, 1.4584172391824233, 3.314548057001194, 3.317091747504489, 3.806286113854546], [3.6564208747607836, 2.298354804863746, 5.698718024403272, 9.21717288378459, 8.7566686109716, 8.306894249529925, 9.174598635237974, 4.642278441103792, 7.7442802181090125, 5.355900744528393, 8.08229713946353, 2.6718747605562303, 3.1655377177321853, 8.039328878180344, 4.589992987370383, 0.0, 2.3791344133636536, 2.81398905087151, 4.55201421218012, 2.8612899767743194, 3.450760215289991, 5.386090024973288, 7.24666638478932, 6.239854487868944, 7.411481699520492, 6.82626835167743, 5.572190484551738, 5.510162687885988, 6.367106721866175, 5.306736295412396, 3.495194354245087, 2.1829006701211564, 4.008341172982838, 4.71780499935999, 3.072081502908444, 1.8064046829249971], [6.011449076286354, 4.655547415614398, 3.7154511376790826, 10.468358732594455, 9.194632771112712, 7.154697095577703, 8.398655222976355, 2.3580964616231617, 9.038915575722719, 7.302285667141858, 8.905305221306206, 4.731893029638072, 1.5861197365272832, 7.760509243458463, 3.2883616818072054, 2.3791344133636536, 0.0, 2.1804388800961854, 5.472745620462099, 4.439053427607701, 4.520386685363037, 6.75586148641605, 7.64341071755631, 4.916229380912371, 6.375649219935161, 5.352839323404552, 3.8717419176547305, 4.3851130619962095, 5.921937181960497, 4.790102619193453, 3.666942564540964, 2.3869771079978133, 3.539393728320828, 5.092052476379054, 3.868193815632198, 3.1532103972489236], [5.639831851646391, 4.841492762032834, 3.2832302638678246, 8.513873739707794, 7.021443768344116, 5.507764421730327, 6.49735562644384, 2.9487952511648117, 7.135679136361846, 6.022123943870941, 6.806446579813444, 3.8872949197053743, 1.0801320133127066, 5.645657294662765, 1.8097701186502873, 2.81398905087151, 2.1804388800961854, 0.0, 3.5238961740141117, 3.1207317198039455, 2.770938966959994, 4.987717771617496, 5.472896967036538, 3.4297898578477732, 4.629230447430904, 4.033362109093635, 2.9170925876973315, 2.6978873215892625, 3.8361544198254403, 2.707368801619832, 1.5561641555730858, 0.8781445423820353, 1.397049089234689, 2.955475550444968, 2.061072173747046, 2.093813074538394], [4.766716040715103, 5.1569766611147365, 6.18708332009599, 5.007189775455197, 4.264374605165797, 6.092313232434382, 6.089346823567622, 6.389939749457297, 3.6120611733025023, 3.3648562889661244, 3.5446197816189464, 3.0145483833985454, 4.591545448772472, 4.345144440355356, 4.310592867274388, 4.55201421218012, 5.472745620462099, 3.5238961740141117, 0.0, 1.9665641749495923, 1.1019482264843599, 1.600749664582192, 2.843776852104146, 5.0432816487443235, 5.200877373268634, 5.714621216395854, 5.4699557331064526, 4.287232249445883, 3.4052810922345933, 3.0508084087948713, 2.020657478520009, 3.0860060027899605, 2.8565034286458197, 1.1868732194061387, 1.6175413224123716, 2.7488722066453772], [3.0441907340721865, 3.1942468252935656, 6.344896617159486, 6.355896056181095, 6.209264066679613, 7.403716061559794, 7.735133025652883, 6.015377665192847, 4.883083498927638, 2.930185229520391, 5.33313645140416, 1.141594105054113, 4.132184987593774, 6.161192128484717, 4.610010377698045, 2.8612899767743194, 4.439053427607701, 3.1207317198039455, 1.9665641749495923, 0.0, 1.0293008815953255, 2.5248176259125885, 4.810340382531065, 5.8565999655317516, 6.469809306667862, 6.540411259924265, 5.827963995823884, 5.037749607397156, 4.88835856339548, 4.1517064114053905, 2.300595192257363, 2.3146904973118874, 3.2978870402276566, 2.6830040960902983, 1.3511032003221306, 1.2872221126145653], [4.052809054589093, 4.181127450522879, 5.78340759870985, 5.965556703259513, 5.348464055089062, 6.437318638997327, 6.711209694125763, 5.71687813919827, 4.522564581270648, 3.3906344429676634, 4.6370085274393915, 2.1681556901161096, 3.848308833002755, 5.136145771363944, 3.9551840638974185, 3.450760215289991, 4.520386685363037, 2.770938966959994, 1.1019482264843599, 1.0293008815953255, 0.0, 2.2499124876999237, 3.8878346590839983, 5.024067020065311, 5.508721828857765, 5.711092770772221, 5.170748624207984, 4.214808739752227, 3.8760239833882344, 3.205825374397712, 1.533616605367841, 2.158989273096372, 2.5382562849621113, 1.6537218804919585, 0.7098739093353542, 1.6504071134133453], [4.395746609215376, 5.310525167277042, 7.783079175918793, 3.8312395281623184, 4.292633766109509, 7.463489498988752, 7.194902527998844, 7.910762043025803, 2.3588766738395273, 2.1218628400128265, 3.0741663968184736, 3.1273392606142902, 6.067685994612092, 5.281059851094759, 5.907666438265112, 5.386090024973288, 6.75586148641605, 4.987717771617496, 1.600749664582192, 2.5248176259125885, 2.2499124876999237, 0.0, 3.2769936566172535, 6.607363965158674, 6.614919277757939, 7.268858475432004, 7.070705241434325, 5.8695308875774685, 4.763178772593666, 4.592268920307483, 3.566931520789089, 4.408498320431313, 4.450893263791359, 2.7289575414217655, 2.944915950663881, 3.7180062718204425], [7.474494368719088, 7.998634663664031, 7.004476730998673, 4.076062731807969, 1.553250020551054, 5.017224682596035, 4.22329592503182, 7.822664333763624, 3.3363922674093986, 5.382943122914692, 1.8149475739633043, 5.833259249187711, 6.36646977601788, 2.2264469216258775, 5.326591894440106, 7.24666638478932, 7.64341071755631, 5.472896967036538, 2.843776852104146, 4.810340382531065, 3.8878346590839983, 3.2769936566172535, 0.0, 5.1249918246332005, 4.391714270109865, 5.627546462639053, 6.14151698077505, 4.681271866059316, 2.7336600139132696, 3.391696118104147, 4.000238703702683, 5.404894987014821, 4.230127053096328, 2.5902215519943232, 4.175302798268973, 5.455237159825761], [8.783456686237292, 8.221395297664499, 2.1736784873625523, 9.10248751352213, 6.355347233194533, 2.2479415504720133, 3.7088709131583393, 3.616894649926966, 8.048745439136328, 8.335930643207634, 6.914215332075807, 6.891912242552396, 3.357329599019653, 3.8934317265557365, 1.6785137405413864, 6.239854487868944, 4.916229380912371, 3.4297898578477732, 5.0432816487443235, 5.8565999655317516, 5.024067020065311, 6.607363965158674, 5.1249918246332005, 0.0, 1.5876393559952673, 0.6870500793149474, 1.3598393095334416, 0.8193406776155667, 2.399584232318659, 2.023921376585986, 3.5561958861751126, 4.1912517749162514, 2.5694048264884475, 3.8786566327395104, 4.506381440087441, 5.2719302333601945], [9.5027309294739, 9.193929219988988, 3.713628768298223, 8.467767672797265, 5.346182293572519, 0.9363838963792824, 2.121231600652046, 5.204507937696538, 7.616038263687013, 8.563933229961904, 6.2000016007766146, 7.584489038115304, 4.7913238324926954, 2.6472493703312994, 3.087619200201615, 7.411481699520492, 6.375649219935161, 4.629230447430904, 5.200877373268634, 6.469809306667862, 5.508721828857765, 6.614919277757939, 4.391714270109865, 1.5876393559952673, 0.0, 1.6186246635767072, 2.9406264661176102, 1.9941728995293218, 1.8614337075065128, 2.3197426106910948, 4.2609402843354705, 5.254006431363178, 3.444480789848692, 4.029008993719064, 5.154938455529273, 6.16929740762875], [9.455214224442663, 8.854877881300169, 2.178822219586489, 9.652678492812573, 6.772130497084114, 1.9942900345197925, 3.65461800181445, 3.7906901171094125, 8.64390955291499, 9.01831482602434, 7.434376194343097, 7.569040407671601, 3.83969422534127, 4.1836857735708, 2.236332375638635, 6.82626835167743, 5.352839323404552, 4.033362109093635, 5.714621216395854, 6.540411259924265, 5.711092770772221, 7.268858475432004, 5.627546462639053, 0.6870500793149474, 1.6186246635767072, 0.0, 1.5447774559243113, 1.502999138776372, 2.89698121805924, 2.6769393898729805, 4.240584432090829, 4.8246171938278, 3.248531136019954, 4.542916827938667, 5.190846197978705, 5.93004444858711], [8.543341443433667, 7.729833483680224, 0.8742327401060163, 9.963966390700145, 7.487197247473765, 3.50662752303062, 5.059380060798097, 2.2753510770158805, 8.792184586132537, 8.561204891713274, 7.86752671336044, 6.736504026606221, 2.445559989613207, 5.176096401664613, 1.2209488948501257, 5.572190484551738, 3.8717419176547305, 2.9170925876973315, 5.4699557331064526, 5.827963995823884, 5.170748624207984, 7.070705241434325, 6.14151698077505, 1.3598393095334416, 2.9406264661176102, 1.5447774559243113, 0.0, 1.464348733879641, 3.5187447492131065, 2.7803953064819664, 3.6375766633406843, 3.784178566548446, 2.6499031586094373, 4.410591969839091, 4.537833312762817, 4.980262365239755], [7.967353448991067, 7.437066038371746, 2.335482280992465, 8.551363988619382, 6.025041785365545, 2.825286290518784, 4.032548930607375, 3.46471009430629, 7.428879388681417, 7.54615922082613, 6.422321046615449, 6.073456903011644, 2.799416989746453, 3.7974217436171394, 1.103736781676748, 5.510162687885988, 4.3851130619962095, 2.6978873215892625, 4.287232249445883, 5.037749607397156, 4.214808739752227, 5.8695308875774685, 4.681271866059316, 0.8193406776155667, 1.9941728995293218, 1.502999138776372, 1.464348733879641, 0.0, 2.0670424395124365, 1.362673402329522, 2.7376474824970845, 3.415281173377541, 1.750857681086054, 3.1461623114961226, 3.687907147261567, 4.467325332092266], [7.927895015122832, 7.849667559144955, 4.392965685145232, 6.76194713006041, 3.977251424996532, 2.70365673150439, 2.8759349324599275, 5.467948841166869, 5.811301459693231, 6.7488500615401135, 4.537472028271382, 6.028227797655487, 4.404580410268293, 1.8478386487960399, 2.954714526275743, 6.367106721866175, 5.921937181960497, 3.8361544198254403, 3.4052810922345933, 4.88835856339548, 3.8760239833882344, 4.763178772593666, 2.7336600139132696, 2.399584232318659, 1.8614337075065128, 2.89698121805924, 3.5187447492131065, 2.0670424395124365, 0.0, 1.1338697458378566, 2.915549694998896, 4.199580212361878, 2.4445134736950256, 2.277278209913561, 3.669057228992875, 4.854077735463495], [7.183004617432259, 6.9278264321732985, 3.6282995857245464, 7.193324842756447, 4.8164838579431075, 3.2553670057384463, 3.868849437391144, 4.482397759715832, 6.067831527583707, 6.3905933658075185, 5.0889717153742815, 5.264789257328123, 3.2865574415554573, 2.9717245965242385, 1.9569888754741451, 5.306736295412396, 4.790102619193453, 2.707368801619832, 3.0508084087948713, 4.1517064114053905, 3.205825374397712, 4.592268920307483, 3.391696118104147, 2.023921376585986, 2.3197426106910948, 2.6769393898729805, 2.7803953064819664, 1.362673402329522, 1.1338697458378566, 0.0, 1.9628226550808956, 3.1252106826652057, 1.3256760203315467, 1.8700035709512932, 2.836380653586151, 3.901742475857109], [5.27240672091879, 4.968022331887594, 4.2685433726540944, 6.971564030194014, 5.553279319805456, 5.196556204639288, 5.778246113527721, 4.369313899441259, 5.614314843345774, 4.923662466374795, 5.256329016181167, 3.3604493422453343, 2.5926987387052804, 4.544169657638808, 2.424161340425083, 3.495194354245087, 3.666942564540964, 1.5561641555730858, 2.020657478520009, 2.300595192257363, 1.533616605367841, 3.566931520789089, 4.000238703702683, 3.5561958861751126, 4.2609402843354705, 4.240584432090829, 3.6375766633406843, 2.7376474824970845, 2.915549694998896, 1.9628226550808956, 0.0, 1.4266011687083846, 1.012428186237953, 1.4258466189706094, 0.9502623672577815, 1.947582528727576], [4.763701107615396, 4.031132907791036, 4.159369426189698, 8.083207482872412, 6.954934354043263, 6.163286845973682, 6.992007950105651, 3.7006872232730355, 6.660113188845848, 5.242099001894507, 6.548962202386245, 3.0153380696827456, 1.8190291844493431, 5.919619906559889, 2.6395407172866947, 2.1829006701211564, 2.3869771079978133, 0.8781445423820353, 3.0860060027899605, 2.3146904973118874, 2.158989273096372, 4.408498320431313, 5.404894987014821, 4.1912517749162514, 5.254006431363178, 4.8246171938278, 3.784178566548446, 3.415281173377541, 4.199580212361878, 3.1252106826652057, 1.4266011687083846, 0.0, 1.8277101120950667, 2.8150447576108784, 1.4847886428138282, 1.2170803523668763], [6.218295345104185, 5.7601229143102435, 3.3322230642425277, 7.621037031182939, 5.755699665116885, 4.3659935108529915, 5.1736180559558145, 3.682053649616848, 6.336955772245345, 5.922073485853769, 5.721811525609077, 4.322616970234088, 2.141964867926355, 4.248706039789867, 1.4584172391824233, 4.008341172982838, 3.539393728320828, 1.397049089234689, 2.8565034286458197, 3.2978870402276566, 2.5382562849621113, 4.450893263791359, 4.230127053096328, 2.5694048264884475, 3.444480789848692, 3.248531136019954, 2.6499031586094373, 1.750857681086054, 2.4445134736950256, 1.3256760203315467, 1.012428186237953, 1.8277101120950667, 0.0, 1.9256006652305973, 1.9550354126966738, 2.7499906271972567], [5.690364420080718, 5.795363447801875, 5.178364160807734, 5.695779241553564, 4.1399495885627315, 4.932135179250623, 5.068912910280496, 5.599223989156733, 4.421963671590827, 4.547521457566243, 3.857570160225408, 3.8209174752743555, 3.93829948025161, 3.4964260430042877, 3.314548057001194, 4.71780499935999, 5.092052476379054, 2.955475550444968, 1.1868732194061387, 2.6830040960902983, 1.6537218804919585, 2.7289575414217655, 2.5902215519943232, 3.8786566327395104, 4.029008993719064, 4.542916827938667, 4.410591969839091, 3.1461623114961226, 2.277278209913561, 1.8700035709512932, 1.4258466189706094, 2.8150447576108784, 1.9256006652305973, 0.0, 1.6732936431299954, 2.973582595487893], [4.350146905456265, 4.191420287123293, 5.115398435074408, 6.600165667004031, 5.693703176103033, 6.091093869138411, 6.543570407695314, 5.007338939766064, 5.175387605606061, 4.048036450438051, 5.136127608993224, 2.432345444767354, 3.1387640781785597, 5.127978816446281, 3.317091747504489, 3.072081502908444, 3.868193815632198, 2.061072173747046, 1.6175413224123716, 1.3511032003221306, 0.7098739093353542, 2.944915950663881, 4.175302798268973, 4.506381440087441, 5.154938455529273, 5.190846197978705, 4.537833312762817, 3.687907147261567, 3.669057228992875, 2.836380653586151, 0.9502623672577815, 1.4847886428138282, 1.9550354126966738, 1.6732936431299954, 0.0, 1.3011126964954731], [3.5644751403998898, 3.027756444835641, 5.376352674057212, 7.529896452442228, 6.955218327267829, 7.099773402451317, 7.723429867569684, 4.843603352373187, 6.065405275894349, 4.173256695586148, 6.28732115956914, 1.8019924416897162, 2.9919604350404536, 6.401325268336884, 3.806286113854546, 1.8064046829249971, 3.1532103972489236, 2.093813074538394, 2.7488722066453772, 1.2872221126145653, 1.6504071134133453, 3.7180062718204425, 5.455237159825761, 5.2719302333601945, 6.16929740762875, 5.93004444858711, 4.980262365239755, 4.467325332092266, 4.854077735463495, 3.901742475857109, 1.947582528727576, 1.2170803523668763, 2.7499906271972567, 2.973582595487893, 1.3011126964954731, 0.0]]
10
