1
0
36
9393
[636, 0, 0, 0, 0, 644, 0, 668, 0, 0, 646, 0, 0, 0, 0, 647, 0, 0, 0, 641, 0, 0, 666, 660, 0, 637, 637, 652, 664, 0, 0, 0, 0, 0, 663, 638]
[132, 132, 126, 130, 134, 133, 132, 130, 133, 131, 129, 134, 128, 130, 128, 127, 130, 134, 128, 130, 127, 127, 131, 133, 134, 127, 131, 132, 131, 129, 134, 133, 133, 134, 130, 126]
[[0, 0, 0, 1, 0, 0, 0, 1, 0, 0, 0, 0, 0, 0, 0, 0, 0, 0, 0, 0, 0, 1, 0, 0, 0, 0, 0, 0, 0, 0, 0, 0, 0, 0, 0, 0], [0, 0, 1, 0, 0, 1, 0, 0, 0, 0, 0, 0, 0, 0, 0, 0, 0, 0, 0, 0, 1, 0, 0, 0, 0, 0, 0, 0, 0, 0, 0, 0, 0, 0, 0, 0], [0, 1, 0, 0, 0, 1, 0, 0, 0, 0, 0, 0, 0, 0, 0, 0, 0, 0, 0, 0, 0, 0, 0, 0, 0, 0, 0, 0, 0, 0, 0, 0, 0, 0, 0, 0], [1, 0, 0, 0, 1, 0, 0, 0, 0, 0, 0, 0, 0, 0, 0, 0, 0, 0, 0, 0, 0, 1, 1, 0, 0, 0, 0, 0, 0, 0, 0, 0, 0, 0, 0, 0], [0, 0, 0, 1, 0, 0, 0, 0, 0, 0, 0, 1, 0, 0, 0, 0, 0, 0, 0, 0, 0, 0, 1, 1, 0, 0, 0, 0, 0, 0, 0, 0, 0, 0, 0, 0], [0, 1, 1, 0, 0, 0, 0, 0, 0, 1, 0, 0, 0, 0, 0, 0, 0, 0, 0, 0, 0, 0, 0, 0, 0, 0, 0, 0, 0, 0, 0, 0, 1, 1, 0, 0], [0, 0, 0, 0, 0, 0, 0, 0, 0, 0, 0, 0, 0, 0, 0, 0, 0, 0, 0, 0, 0, 0, 0, 0, 0, 1, 0, 1, 0, 0, 0, 0, 0, 0, 0, 0], [1, 0, 0, 0, 0, 0, 0, 0, 0, 0, 0, 0, 0, 0, 0, 0, 0, 0, 0, 0, 0, 1, 0, 0, 0, 0, 0, 1, 0, 0, 0, 0, 0, 0, 0, 0], [0, 0, 0, 0, 0, 0, 0, 0, 0, 0, 1, 1, 0, 0, 0, 0, 0, 0, 0, 0, 0, 0, 0, 0, 0, 0, 0, 0, 0, 0, 0, 0, 0, 0, 0, 0], [0, 0, 0, 0, 0, 1, 0, 0, 0, 0, 1, 0, 0, 0, 0, 0, 0, 0, 0, 0, 0, 0, 0, 0, 0, 0, 0, 0, 0, 0, 0, 0, 0, 1, 0, 0], [0, 0, 0, 0, 0, 0, 0, 0, 1, 1, 0, 1, 0, 1, 0, 0, 0, 0, 0, 0, 0, 0, 0, 0, 0, 0, 0, 0, 0, 0, 0, 0, 0, 1, 0, 0], [0, 0, 0, 0, 1, 0, 0, 0, 1, 0, 1, 0, 0, 1, 0, 0, 0, 0, 0, 0, 0, 0, 0, 0, 0, 0, 0, 0, 0, 0, 0, 0, 0, 0, 0, 0], [0, 0, 0, 0, 0, 0, 0, 0, 0, 0, 0, 0, 0, 1, 0, 0, 0, 0, 0, 0, 0, 0, 0, 1, 0, 0, 0, 0, 0, 0, 0, 0, 0, 0, 1, 0], [0, 0, 0, 0, 0, 0, 0, 0, 0, 0, 1, 1, 1, 0, 0, 0, 0, 0, 0, 0, 0, 0, 0, 1, 0, 0, 0, 0, 0, 0, 0, 0, 0, 1, 0, 0], [0, 0, 0, 0, 0, 0, 0, 0, 0, 0, 0, 0, 0, 0, 0, 1, 1, 0, 0, 0, 0, 0, 0, 0, 0, 1, 1, 0, 0, 1, 0, 0, 0, 0, 0, 0], [0, 0, 0, 0, 0, 0, 0, 0, 0, 0, 0, 0, 0, 0, 1, 0, 1, 0, 0, 0, 0, 0, 0, 0, 0, 0, 0, 0, 0, 1, 0, 0, 0, 0, 0, 0], [0, 0, 0, 0, 0, 0, 0, 0, 0, 0, 0, 0, 0, 0, 1, 1, 0, 1, 0, 0, 0, 0, 0, 0, 0, 0, 0, 0, 0, 0, 0, 0, 0, 0, 0, 0], [0, 0, 0, 0, 0, 0, 0, 0, 0, 0, 0, 0, 0, 0, 0, 0, 1, 0, 0, 0, 0, 0, 0, 0, 0, 1, 0, 0, 0, 0, 0, 0, 0, 0, 0, 0], [0, 0, 0, 0, 0, 0, 0, 0, 0, 0, 0, 0, 0, 0, 0, 0, 0, 0, 0, 1, 1, 0, 0, 0, 0, 0, 0, 0, 0, 1, 0, 0, 1, 0, 0, 0], [0, 0, 0, 0, 0, 0, 0, 0, 0, 0, 0, 0, 0, 0, 0, 0, 0, 0, 1, 0, 1, 0, 0, 0, 0, 0, 0, 0, 0, 0, 0, 0, 0, 0, 0, 0], [0, 1, 0, 0, 0, 0, 0, 0, 0, 0, 0, 0, 0, 0, 0, 0, 0, 0, 1, 1, 0, 0, 0, 0, 0, 0, 0, 0, 0, 0, 0, 0, 1, 0, 0, 0], [1, 0, 0, 1, 0, 0, 0, 1, 0, 0, 0, 0, 0, 0, 0, 0, 0, 0, 0, 0, 0, 0, 1, 0, 0, 0, 0, 1, 1, 0, 0, 0, 0, 0, 0, 0], [0, 0, 0, 1, 1, 0, 0, 0, 0, 0, 0, 0, 0, 0, 0, 0, 0, 0, 0, 0, 0, 1, 0, 1, 0, 0, 0, 0, 1, 0, 0, 0, 0, 0, 0, 0], [0, 0, 0, 0, 1, 0, 0, 0, 0, 0, 0, 0, 1, 1, 0, 0, 0, 0, 0, 0, 0, 0, 1, 0, 0, 0, 0, 0, 1, 0, 0, 0, 0, 0, 0, 0], [0, 0, 0, 0, 0, 0, 0, 0, 0, 0, 0, 0, 0, 0, 0, 0, 0, 0, 0, 0, 0, 0, 0, 0, 0, 1, 1, 1, 1, 0, 0, 1, 0, 0, 0, 1], [0, 0, 0, 0, 0, 0, 1, 0, 0, 0, 0, 0, 0, 0, 1, 0, 0, 1, 0, 0, 0, 0, 0, 0, 1, 0, 1, 1, 0, 0, 0, 0, 0, 0, 0, 0], [0, 0, 0, 0, 0, 0, 0, 0, 0, 0, 0, 0, 0, 0, 1, 0, 0, 0, 0, 0, 0, 0, 0, 0, 1, 1, 0, 0, 0, 1, 0, 0, 0, 0, 0, 0], [0, 0, 0, 0, 0, 0, 1, 1, 0, 0, 0, 0, 0, 0, 0, 0, 0, 0, 0, 0, 0, 1, 0, 0, 1, 1, 0, 0, 0, 0, 0, 0, 0, 0, 0, 0], [0, 0, 0, 0, 0, 0, 0, 0, 0, 0, 0, 0, 0, 0, 0, 0, 0, 0, 0, 0, 0, 1, 1, 1, 1, 0, 0, 0, 0, 0, 0, 0, 0, 0, 0, 1], [0, 0, 0, 0, 0, 0, 0, 0, 0, 0, 0, 0, 0, 0, 1, 1, 0, 0, 1, 0, 0, 0, 0, 0, 0, 0, 1, 0, 0, 0, 0, 1, 1, 0, 0, 0], [0, 0, 0, 0, 0, 0, 0, 0, 0, 0, 0, 0, 0, 0, 0, 0, 0, 0, 0, 0, 0, 0, 0, 0, 0, 0, 0, 0, 0, 0, 0, 1, 1, 1, 1, 0], [0, 0, 0, 0, 0, 0, 0, 0, 0, 0, 0, 0, 0, 0, 0, 0, 0, 0, 0, 0, 0, 0, 0, 0, 1, 0, 0, 0, 0, 1, 1, 0, 0, 0, 0, 1], [0, 0, 0, 0, 0, 1, 0, 0, 0, 0, 0, 0, 0, 0, 0, 0, 0, 0, 1, 0, 1, 0, 0, 0, 0, 0, 0, 0, 0, 1, 1, 0, 0, 1, 0, 0], [0, 0, 0, 0, 0, 1, 0, 0, 0, 1, 1, 0, 0, 1, 0, 0, 0, 0, 0, 0, 0, 0, 0, 0, 0, 0, 0, 0, 0, 0, 1, 0, 1, 0, 1, 0], [0, 0, 0, 0, 0, 0, 0, 0, 0, 0, 0, 0, 1, 0, 0, 0, 0, 0, 0, 0, 0, 0, 0, 0, 0, 0, 0, 0, 0, 0, 1, 0, 0, 1, 0, 1], [0, 0, 0, 0, 0, 0, 0, 0, 0, 0, 0, 0, 0, 0, 0, 0, 0, 0, 0, 0, 0, 0, 0, 0, 1, 0, 0, 0, 1, 0, 0, 1, 0, 0, 1, 0]]
[222, 97, 167, 242, 373, 301, 245, 409, 59, 261, 327, 292, 342, 137, 120, 138, 446, 364, 243, 89, 137, 224, 138, 387, 215, 75, 383, 122, 315, 454, 165, 293, 247, 385, 481, 498]
0.03
[[0.0, 10.822030322600053, 11.379838539024401, 2.434509432157545, 4.312590886781352, 9.584162842894273, 3.8488195318437253, 1.5083897258314172, 7.903719872318773, 8.982679780846377, 7.952040273239819, 6.300563066427261, 5.483035800479131, 5.948562000506255, 7.311759951657227, 8.730214955983733, 8.407218357767816, 8.217551874011697, 9.31224196407132, 10.272546127962173, 10.254973050649616, 1.8932035558172688, 3.297760169376844, 4.501993605826429, 4.995841428103503, 5.591610509782247, 6.2407484383874, 3.1153869557679035, 3.6503600222163826, 7.984336558080333, 6.812649744104939, 6.389489763246451, 8.38992028096563, 7.607504189183353, 6.094210964505168, 4.809695971383786], [10.822030322600053, 0.0, 0.8542429846044428, 9.247618431865403, 8.466058894845446, 2.2201483343711375, 9.475649751744514, 10.795548905637691, 7.421870792499547, 3.855826719972746, 5.526779495400942, 7.677257787349458, 5.632172485249109, 5.983802995124811, 6.5615221717836345, 5.76504655407158, 7.190223325920431, 8.168715260067593, 2.6464548104593524, 2.128606309793681, 0.752776281122158, 8.956224110976352, 7.839701230596077, 6.858746414849674, 6.340938722133499, 7.775742876355562, 5.911423172055995, 8.773027278709565, 7.181795638001306, 4.259656424068428, 4.010552120781445, 4.604755776082427, 2.459089972161311, 3.989184869433893, 4.842713346207455, 6.02810734710644], [11.379838539024401, 0.8542429846044428, 0.0, 9.683434068376592, 8.75846755333158, 2.2067953092511994, 10.221491218430549, 11.43588883774683, 7.354220885253485, 3.7570461245158793, 5.502981914576106, 7.786895335718081, 6.056340567058515, 6.2490451897162504, 7.405098830409317, 6.618508942373582, 8.04446627607093, 9.022457076971023, 3.500416772659534, 2.9508634104387728, 1.5994771594409587, 9.537872583163491, 8.303659380129043, 7.259078328693167, 7.053058928569445, 8.577204862231602, 6.705752675594208, 9.468461499563071, 7.767375322768756, 5.098871731248736, 4.585910835293358, 5.296445589110988, 3.134773525435153, 4.216426797302622, 5.318493645610723, 6.628523378875131], [2.434509432157545, 9.247618431865403, 9.683434068376592, 0.0, 1.8817912294052386, 7.693528386372216, 5.033639024030686, 3.58918074573434, 5.470103921852265, 6.849214808231369, 5.6372808402854035, 3.866179114124305, 3.6276378776440508, 3.745204708715271, 7.3320631973260655, 8.505671762716995, 8.59536022215145, 8.694448531444406, 8.243985653012642, 9.128314200575224, 8.787436131284611, 2.0056874979617736, 1.4355676186321933, 2.440361395561182, 4.50480661154574, 6.020188595838834, 5.908796755654373, 3.8490683735168623, 2.7155708550816886, 7.2662367116351145, 5.33434238318373, 5.302266178597973, 6.952721555791936, 5.621728562433081, 4.407596168246832, 3.661383867495379], [4.312590886781352, 8.466058894845446, 8.75846755333158, 1.8817912294052386, 0.0, 6.620353270384166, 6.536288178965793, 5.433614298333219, 3.6076006676004257, 5.494116949473395, 4.038160328780347, 2.001399556005142, 3.0230704020296355, 2.511604500844675, 8.022711662310137, 8.95220681999209, 9.332059076563649, 9.61725067637771, 8.00494372305147, 8.77515709427488, 8.13439115463949, 3.597926992425168, 1.9464745641519232, 1.892274607668646, 5.120536255321099, 7.066741498391013, 6.462738640554799, 5.275920935136716, 3.427911609356325, 7.39796502094385, 4.920972456323743, 5.2950164376305535, 6.4330142201584595, 4.545039866758465, 3.8791454234401512, 3.8915048830476313], [9.584162842894273, 2.2201483343711375, 2.2067953092511994, 7.693528386372216, 6.620353270384166, 0.0, 9.023778474373282, 9.84082196737742, 5.210081040437067, 1.6364677505555072, 3.326706213807534, 5.580131156540383, 4.11850220471643, 4.1114499561923115, 7.013368795458305, 6.680536520670948, 7.953536642562135, 8.827139128706435, 3.7465344253504305, 3.7776561178680033, 2.3551549778918117, 7.821786621697086, 6.375681954027692, 5.253400904867613, 5.819362276841177, 7.733583125844048, 5.902483738476154, 8.08565489677809, 6.103023803485321, 4.810916745564368, 3.092263809769583, 4.107240126850789, 2.2976754156602714, 2.090961910688844, 3.512502922905558, 5.047157093241379], [3.8488195318437253, 9.475649751744514, 10.221491218430549, 5.033639024030686, 6.536288178965793, 9.023778474373282, 0.0, 2.5688032796318323, 9.53280597356319, 9.098600649580161, 8.780323328561572, 8.126132948614778, 5.702921366292459, 6.774307981422652, 4.072056768550002, 5.606705155246889, 4.894283937842872, 4.503004508074989, 7.267016776549754, 8.237539338563389, 8.768641428244953, 3.0290687270449737, 4.652937405525247, 5.479872404321279, 3.212273894656846, 2.1786605982362603, 3.691188904564769, 1.2733437465577413, 3.5327636266534883, 5.606689345793696, 5.933715330919626, 4.968974597864861, 7.101652684681605, 7.556899995295954, 5.799437467484726, 4.162117734603265], [1.5083897258314172, 10.795548905637691, 11.43588883774683, 3.58918074573434, 5.433614298333219, 9.84082196737742, 2.5688032796318323, 0.0, 8.917415109436357, 9.480521235168167, 8.68651962017474, 7.346275328044558, 5.894541752394914, 6.6177615066181845, 6.416723841322881, 7.9126090491239465, 7.3845061647024535, 7.062663093954522, 8.976434925918877, 9.957717903360951, 10.163474425788891, 2.118958129496453, 3.991390262917478, 5.14923649225034, 4.578173846390979, 4.574318929714996, 5.607753821311244, 2.251884916146577, 3.7385142093214223, 7.481085896993161, 6.8648377750526235, 6.210128164191452, 8.336594522642317, 8.00731081716591, 6.339110198250743, 4.824146894688127], [7.903719872318773, 7.421870792499547, 7.354220885253485, 5.470103921852265, 3.6076006676004257, 5.210081040437067, 9.53280597356319, 8.917415109436357, 0.0, 3.5984202757652906, 1.905820877598588, 1.6064573023148376, 4.173484331501371, 2.9295014161922834, 9.751246976140502, 10.191208003152292, 11.013974078977867, 11.576459571248547, 8.142181602312332, 8.583662070648634, 7.4168406594170895, 6.9063581437414125, 5.00325836794826, 4.053334642140406, 7.172624356236833, 9.415933653212829, 8.184641883286554, 8.271274095359306, 6.022883737365634, 8.29904267844705, 5.447642169554709, 6.40133097594934, 6.314709931458328, 3.8079442206780816, 4.644300515199336, 5.789502323517737], [8.982679780846377, 3.855826719972746, 3.7570461245158793, 6.849214808231369, 5.494116949473395, 1.6364677505555072, 9.098600649580161, 9.480521235168167, 3.5984202757652906, 0.0, 1.762602540856557, 4.154207431176046, 3.58684855341217, 3.1057634395571774, 7.803273716036896, 7.750887575327934, 8.889451573603194, 9.671912831000494, 5.086549424886166, 5.2912584090273755, 3.952656779416396, 7.3775383633484255, 5.6865730708367055, 4.4874259700786405, 6.023316158300838, 8.164727132311073, 6.468913395672304, 8.013475092279293, 5.810944095855866, 5.805709162891192, 3.38792519597549, 4.53158923854164, 3.3619969575275075, 1.5417006772839543, 3.3003610792358242, 4.942930257631039], [7.952040273239819, 5.526779495400942, 5.502981914576106, 5.6372808402854035, 4.038160328780347, 3.326706213807534, 8.780323328561572, 8.68651962017474, 1.905820877598588, 1.762602540856557, 0.0, 2.445395701803385, 3.086628346652861, 2.0751310104718987, 8.309186870384995, 8.565761562282281, 9.516952396093814, 10.174626650164805, 6.305827519741367, 6.699238582734922, 5.511146660976439, 6.573533417467211, 4.712388107137391, 3.5374729067096915, 6.013642648648668, 8.268061067756763, 6.808334739890373, 7.581558278894188, 5.27780448386739, 6.630826051640956, 3.8399914487023272, 4.908511446769033, 4.480544908105189, 1.998036966048581, 3.2508781293204136, 4.71003493831992], [6.300563066427261, 7.677257787349458, 7.786895335718081, 3.866179114124305, 2.001399556005142, 5.580131156540383, 8.126132948614778, 7.346275328044558, 1.6064573023148376, 4.154207431176046, 2.445395701803385, 0.0, 3.2235565608348327, 2.0661198238516074, 8.824200501541567, 9.471442752666963, 10.123140959722846, 10.580029812918163, 7.858633652357205, 8.460661787451182, 7.513125784384363, 5.378248074066849, 3.5059874670436524, 2.7227511229339005, 6.065755291471372, 8.242809491343776, 7.230320196774661, 6.853921649641158, 4.691636866936373, 7.684135876461471, 4.881146785320156, 5.6369261878012775, 6.088653677710815, 3.724251409311413, 3.910263762070708, 4.6860892755738766], [5.483035800479131, 5.632172485249109, 6.056340567058515, 3.6276378776440508, 3.0230704020296355, 4.11850220471643, 5.702921366292459, 5.894541752394914, 4.173484331501371, 3.58684855341217, 3.086628346652861, 3.2235565608348327, 0.0, 1.2466114356299616, 5.625414984998033, 6.254900832941343, 6.91448313020515, 7.420808979495157, 4.984174330633637, 5.7561820288035435, 5.211714004569882, 3.7988599426239635, 2.261768090156669, 1.233793350601759, 3.009700487302082, 5.26648986219646, 4.039101148079408, 4.529146603887475, 2.253105682267509, 4.51906538150616, 1.8979803205695651, 2.431429156784, 3.4379650087929208, 2.1320079617393968, 0.8576683542546828, 1.6470899175420197], [5.948562000506255, 5.983802995124811, 6.2490451897162504, 3.745204708715271, 2.511604500844675, 4.1114499561923115, 6.774307981422652, 6.6177615066181845, 2.9295014161922834, 3.1057634395571774, 2.0751310104718987, 2.0661198238516074, 1.2466114356299616, 0.0, 6.861289916256697, 7.426258803428713, 8.14320315578335, 8.66542384151292, 5.840906159266328, 6.501509953086557, 5.701984289975416, 4.501801894572448, 2.6666573314192887, 1.4714755392585384, 4.244421714708989, 6.493349983528942, 5.279883394494869, 5.54939039399025, 3.2454338096206152, 5.619640714316024, 2.8202342231281468, 3.590553079493934, 4.120601483165263, 2.0337164469535978, 1.8467939586067352, 2.865138989990779], [7.311759951657227, 6.5615221717836345, 7.405098830409317, 7.3320631973260655, 8.022711662310137, 7.013368795458305, 4.072056768550002, 6.416723841322881, 9.751246976140502, 7.803273716036896, 8.309186870384995, 8.824200501541567, 5.625414984998033, 6.861289916256697, 0.0, 1.5359937447858967, 1.3119189164763305, 1.875506685449363, 3.9573935874102752, 4.7929477749434355, 5.809035388262501, 5.698763906634343, 6.201508989366803, 6.257229709131464, 2.906944546778081, 1.893560564637089, 1.5948030708257734, 4.226105568953024, 4.683432511929491, 2.3104305933814024, 4.501805065864797, 3.400680242260681, 4.721229240412988, 6.460211860576181, 5.11732775780436, 4.1841648575696375], [8.730214955983733, 5.76504655407158, 6.618508942373582, 8.505671762716995, 8.95220681999209, 6.680536520670948, 5.606705155246889, 7.9126090491239465, 10.191208003152292, 7.750887575327934, 8.565761562282281, 9.471442752666963, 6.254900832941343, 7.426258803428713, 1.5359937447858967, 0.0, 1.4557643587495486, 2.4683311741992657, 3.132428808986303, 3.7643894055911256, 5.0370344343119795, 7.030018982829247, 7.259201880851892, 7.098013967880499, 4.001161972972669, 3.428090438026302, 2.5994106487133046, 5.691418969193039, 5.795386066742492, 1.952400531206263, 4.750224899577257, 3.836254638793876, 4.428794144191824, 6.601138560380774, 5.588819186217145, 5.062953926464153], [8.407218357767816, 7.190223325920431, 8.04446627607093, 8.59536022215145, 9.332059076563649, 7.953536642562135, 4.894283937842872, 7.3845061647024535, 11.013974078977867, 8.889451573603194, 9.516952396093814, 10.123140959722846, 6.91448313020515, 8.14320315578335, 1.3119189164763305, 1.4557643587495486, 0.0, 1.0160234513819606, 4.545553555986903, 5.217319072371008, 6.4531894019556635, 6.890811289561618, 7.498709719791682, 7.568704804515019, 4.213063508989415, 2.824025670721408, 2.901536156571226, 5.292236488201248, 5.9761005046027895, 3.1426532068921103, 5.681648699799141, 4.6247130795218085, 5.662815723434572, 7.618605282628952, 6.370468917547936, 5.495162964564982], [8.217551874011697, 8.168715260067593, 9.022457076971023, 8.694448531444406, 9.61725067637771, 8.827139128706435, 4.503004508074989, 7.062663093954522, 11.576459571248547, 9.671912831000494, 10.174626650164805, 10.580029812918163, 7.420808979495157, 8.66542384151292, 1.875506685449363, 2.4683311741992657, 1.0160234513819606, 0.0, 5.52234316412023, 6.222402375811749, 7.4262901702934405, 6.865794328911026, 7.720561440872866, 7.941851172953549, 4.537475469302277, 2.6933736468691984, 3.3925387850361526, 5.13097675832662, 6.1991308917924925, 4.03494309817311, 6.376587783981985, 5.268410193378158, 6.529485194522104, 8.335625085773376, 6.962805032991524, 5.89725355958397], [9.31224196407132, 2.6464548104593524, 3.500416772659534, 8.243985653012642, 8.00494372305147, 3.7465344253504305, 7.267016776549754, 8.976434925918877, 8.142181602312332, 5.086549424886166, 6.305827519741367, 7.858633652357205, 4.984174330633637, 5.840906159266328, 3.9573935874102752, 3.132428808986303, 4.545553555986903, 5.52234316412023, 0.0, 0.9832393568773301, 1.9078669898551908, 7.4236228044446015, 6.817197890332001, 6.1507963400142085, 4.399798816999453, 5.357123336671174, 3.5793125847050664, 6.791162655700701, 5.73457905318374, 1.7180304124628287, 3.088390706204106, 2.9677703345727764, 1.8281489269134035, 4.3345939771916004, 4.133767383572768, 4.622556463227005], [10.272546127962173, 2.128606309793681, 2.9508634104387728, 9.128314200575224, 8.77515709427488, 3.7776561178680033, 8.237539338563389, 9.957717903360951, 8.583662070648634, 5.2912584090273755, 6.699238582734922, 8.460661787451182, 5.7561820288035435, 6.501509953086557, 4.7929477749434355, 3.7643894055911256, 5.217319072371008, 6.222402375811749, 0.9832393568773301, 0.0, 1.5213451139393634, 8.381250147700191, 7.694964029834829, 6.956803875899339, 5.380112908588841, 6.292704402681189, 4.5466926475343685, 7.774397646154769, 6.673273617070308, 2.6516764628740614, 3.8663398494402488, 3.900270518067093, 2.3812623304821785, 4.806579034860979, 4.898525199344377, 5.544457602838749], [10.254973050649616, 0.752776281122158, 1.5994771594409587, 8.787436131284611, 8.13439115463949, 2.3551549778918117, 8.768641428244953, 10.163474425788891, 7.4168406594170895, 3.952656779416396, 5.511146660976439, 7.513125784384363, 5.211714004569882, 5.701984289975416, 5.809035388262501, 5.0370344343119795, 6.4531894019556635, 7.4262901702934405, 1.9078669898551908, 1.5213451139393634, 0.0, 8.375237081932326, 7.363134960896616, 6.445498689870003, 5.6643885416769475, 7.036075809512189, 5.1772545383286, 8.10292611577361, 6.605142004971455, 3.5069406238146064, 3.476621698988474, 3.954584277923178, 1.866868636923726, 3.788920082045702, 4.387197880167307, 5.446091716239056], [1.8932035558172688, 8.956224110976352, 9.537872583163491, 2.0056874979617736, 3.597926992425168, 7.821786621697086, 3.0290687270449737, 2.118958129496453, 6.9063581437414125, 7.3775383633484255, 6.573533417467211, 5.378248074066849, 3.7988599426239635, 4.501801894572448, 5.698763906634343, 7.030018982829247, 6.890811289561618, 6.865794328911026, 7.4236228044446015, 8.381250147700191, 8.375237081932326, 0.0, 1.9123498035443771, 3.0367139464169046, 3.155456528970054, 4.17254838167424, 4.470258279428729, 1.8568206775867249, 1.7744857812039905, 6.134998835973879, 4.955394881920804, 4.496315116255659, 6.513318565333424, 5.925260583379218, 4.309629290584208, 2.9303575361498773], [3.297760169376844, 7.839701230596077, 8.303659380129043, 1.4355676186321933, 1.9464745641519232, 6.375681954027692, 4.652937405525247, 3.991390262917478, 5.00325836794826, 5.6865730708367055, 4.712388107137391, 3.5059874670436524, 2.261768090156669, 2.6666573314192887, 6.201508989366803, 7.259201880851892, 7.498709719791682, 7.720561440872866, 6.817197890332001, 7.694964029834829, 7.363134960896616, 1.9123498035443771, 0.0, 1.2053511181544254, 3.3018622904005475, 5.1330430831299125, 4.692533042959231, 3.38093235592308, 1.5260952349093273, 5.901581377768712, 3.9018214807514204, 3.8917413547996924, 5.521653842670915, 4.344485917920107, 2.9976111788445468, 2.2775980163860643], [4.501993605826429, 6.858746414849674, 7.259078328693167, 2.440361395561182, 1.892274607668646, 5.253400904867613, 5.479872404321279, 5.14923649225034, 4.053334642140406, 4.4874259700786405, 3.5374729067096915, 2.7227511229339005, 1.233793350601759, 1.4714755392585384, 6.257229709131464, 7.098013967880499, 7.568704804515019, 7.941851172953549, 6.1507963400142085, 6.956803875899339, 6.445498689870003, 3.0367139464169046, 1.2053511181544254, 0.0, 3.4044246978748354, 5.5306791500428085, 4.671361146095252, 4.2215509892961345, 1.9805912537296364, 5.507101293382356, 3.0907214276810957, 3.4028948339676646, 4.663673359017128, 3.1877376363122076, 2.0755284256838604, 2.074361653462531], [4.995841428103503, 6.340938722133499, 7.053058928569445, 4.50480661154574, 5.120536255321099, 5.819362276841177, 3.212273894656846, 4.578173846390979, 7.172624356236833, 6.023316158300838, 6.013642648648668, 6.065755291471372, 3.009700487302082, 4.244421714708989, 2.906944546778081, 4.001161972972669, 4.213063508989415, 4.537475469302277, 4.399798816999453, 5.380112908588841, 5.6643885416769475, 3.155456528970054, 3.3018622904005475, 3.4044246978748354, 0.0, 2.260801559084793, 1.404645916114007, 2.4398012910735654, 1.8012401308776593, 2.988508636131776, 2.739576831294469, 1.7645364532290864, 3.9193083114935727, 4.497909527384288, 2.8005417421547802, 1.3883861433265954], [5.591610509782247, 7.775742876355562, 8.577204862231602, 6.020188595838834, 7.066741498391013, 7.733583125844048, 2.1786605982362603, 4.574318929714996, 9.415933653212829, 8.164727132311073, 8.268061067756763, 8.242809491343776, 5.26648986219646, 6.493349983528942, 1.893560564637089, 3.428090438026302, 2.824025670721408, 2.6933736468691984, 5.357123336671174, 6.292704402681189, 7.036075809512189, 4.17254838167424, 5.1330430831299125, 5.5306791500428085, 2.260801559084793, 0.0, 1.8758202728914006, 2.4774910187476227, 3.645376043554461, 3.643543440308046, 4.788066632219084, 3.6633634177449137, 5.575605228212366, 6.672471712459299, 5.034140614189409, 3.6282163115357866], [6.2407484383874, 5.911423172055995, 6.705752675594208, 5.908796755654373, 6.462738640554799, 5.902483738476154, 3.691188904564769, 5.607753821311244, 8.184641883286554, 6.468913395672304, 6.808334739890373, 7.230320196774661, 4.039101148079408, 5.279883394494869, 1.5948030708257734, 2.5994106487133046, 2.901536156571226, 3.3925387850361526, 3.5793125847050664, 4.5466926475343685, 5.1772545383286, 4.470258279428729, 4.692533042959231, 4.671361146095252, 1.404645916114007, 1.8758202728914006, 0.0, 3.3589870868478444, 3.204711048098799, 1.923570930125431, 3.089158180796626, 1.9456251188263223, 3.7067953305640904, 5.041366218437906, 3.576096391973803, 2.5970090885439037], [3.1153869557679035, 8.773027278709565, 9.468461499563071, 3.8490683735168623, 5.275920935136716, 8.08565489677809, 1.2733437465577413, 2.251884916146577, 8.271274095359306, 8.013475092279293, 7.581558278894188, 6.853921649641158, 4.529146603887475, 5.54939039399025, 4.226105568953024, 5.691418969193039, 5.292236488201248, 5.13097675832662, 6.791162655700701, 7.774397646154769, 8.10292611577361, 1.8568206775867249, 3.38093235592308, 4.2215509892961345, 2.4398012910735654, 2.4774910187476227, 3.3589870868478444, 0.0, 2.3057440318146725, 5.2479950867850675, 5.005726113888942, 4.173330605415702, 6.334935710489752, 6.477559597100496, 4.722071607661555, 3.0827317284106512], [3.6503600222163826, 7.181795638001306, 7.767375322768756, 2.7155708550816886, 3.427911609356325, 6.103023803485321, 3.5327636266534883, 3.7385142093214223, 6.022883737365634, 5.810944095855866, 5.27780448386739, 4.691636866936373, 2.253105682267509, 3.2454338096206152, 4.683432511929491, 5.795386066742492, 5.9761005046027895, 6.1991308917924925, 5.73457905318374, 6.673273617070308, 6.605142004971455, 1.7744857812039905, 1.5260952349093273, 1.9805912537296364, 1.8012401308776593, 3.645376043554461, 3.204711048098799, 2.3057440318146725, 0.0, 4.5933083094523735, 3.182572790370191, 2.7730044919578067, 4.74120101504641, 4.302232526374629, 2.6023141315854508, 1.1593364239434873], [7.984336558080333, 4.259656424068428, 5.098871731248736, 7.2662367116351145, 7.39796502094385, 4.810916745564368, 5.606689345793696, 7.481085896993161, 8.29904267844705, 5.805709162891192, 6.630826051640956, 7.684135876461471, 4.51906538150616, 5.619640714316024, 2.3104305933814024, 1.952400531206263, 3.1426532068921103, 4.03494309817311, 1.7180304124628287, 2.6516764628740614, 3.5069406238146064, 6.134998835973879, 5.901581377768712, 5.507101293382356, 2.988508636131776, 3.643543440308046, 1.923570930125431, 5.2479950867850675, 4.5933083094523735, 0.0, 2.8541376386480244, 2.1079220672311068, 2.5220356001798145, 4.655383591701672, 3.7738752216904454, 3.6241017070136605], [6.812649744104939, 4.010552120781445, 4.585910835293358, 5.33434238318373, 4.920972456323743, 3.092263809769583, 5.933715330919626, 6.8648377750526235, 5.447642169554709, 3.38792519597549, 3.8399914487023272, 4.881146785320156, 1.8979803205695651, 2.8202342231281468, 4.501805065864797, 4.750224899577257, 5.681648699799141, 6.376587783981985, 3.088390706204106, 3.8663398494402488, 3.476621698988474, 4.955394881920804, 3.9018214807514204, 3.0907214276810957, 2.739576831294469, 4.788066632219084, 3.089158180796626, 5.005726113888942, 3.182572790370191, 2.8541376386480244, 0.0, 1.1451339736630723, 1.6209020725420014, 1.96190988596353, 1.0453864895775042, 2.0445566223223697], [6.389489763246451, 4.604755776082427, 5.296445589110988, 5.302266178597973, 5.2950164376305535, 4.107240126850789, 4.968974597864861, 6.210128164191452, 6.40133097594934, 4.53158923854164, 4.908511446769033, 5.6369261878012775, 2.431429156784, 3.590553079493934, 3.400680242260681, 3.836254638793876, 4.6247130795218085, 5.268410193378158, 2.9677703345727764, 3.900270518067093, 3.954584277923178, 4.496315116255659, 3.8917413547996924, 3.4028948339676646, 1.7645364532290864, 3.6633634177449137, 1.9456251188263223, 4.173330605415702, 2.7730044919578067, 2.1079220672311068, 1.1451339736630723, 0.0, 2.161935742365194, 3.0967069431112644, 1.7626068711228098, 1.6562458170665504], [8.38992028096563, 2.459089972161311, 3.134773525435153, 6.952721555791936, 6.4330142201584595, 2.2976754156602714, 7.101652684681605, 8.336594522642317, 6.314709931458328, 3.3619969575275075, 4.480544908105189, 6.088653677710815, 3.4379650087929208, 4.120601483165263, 4.721229240412988, 4.428794144191824, 5.662815723434572, 6.529485194522104, 1.8281489269134035, 2.3812623304821785, 1.866868636923726, 6.513318565333424, 5.521653842670915, 4.663673359017128, 3.9193083114935727, 5.575605228212366, 3.7067953305640904, 6.334935710489752, 4.74120101504641, 2.5220356001798145, 1.6209020725420014, 2.161935742365194, 0.0, 2.506810208095333, 2.588184502204079, 3.583022358462181], [7.607504189183353, 3.989184869433893, 4.216426797302622, 5.621728562433081, 4.545039866758465, 2.090961910688844, 7.556899995295954, 8.00731081716591, 3.8079442206780816, 1.5417006772839543, 1.998036966048581, 3.724251409311413, 2.1320079617393968, 2.0337164469535978, 6.460211860576181, 6.601138560380774, 7.618605282628952, 8.335625085773376, 4.3345939771916004, 4.806579034860979, 3.788920082045702, 5.925260583379218, 4.344485917920107, 3.1877376363122076, 4.497909527384288, 6.672471712459299, 5.041366218437906, 6.477559597100496, 4.302232526374629, 4.655383591701672, 1.96190988596353, 3.0967069431112644, 2.506810208095333, 0.0, 1.759319792412489, 3.4025529936367245], [6.094210964505168, 4.842713346207455, 5.318493645610723, 4.407596168246832, 3.8791454234401512, 3.512502922905558, 5.799437467484726, 6.339110198250743, 4.644300515199336, 3.3003610792358242, 3.2508781293204136, 3.910263762070708, 0.8576683542546828, 1.8467939586067352, 5.11732775780436, 5.588819186217145, 6.370468917547936, 6.962805032991524, 4.133767383572768, 4.898525199344377, 4.387197880167307, 4.309629290584208, 2.9976111788445468, 2.0755284256838604, 2.8005417421547802, 5.034140614189409, 3.576096391973803, 4.722071607661555, 2.6023141315854508, 3.7738752216904454, 1.0453864895775042, 1.7626068711228098, 2.588184502204079, 1.759319792412489, 0.0, 1.6434112005907577], [4.809695971383786, 6.02810734710644, 6.628523378875131, 3.661383867495379, 3.8915048830476313, 5.047157093241379, 4.162117734603265, 4.824146894688127, 5.789502323517737, 4.942930257631039, 4.71003493831992, 4.6860892755738766, 1.6470899175420197, 2.865138989990779, 4.1841648575696375, 5.062953926464153, 5.495162964564982, 5.89725355958397, 4.622556463227005, 5.544457602838749, 5.446091716239056, 2.9303575361498773, 2.2775980163860643, 2.074361653462531, 1.3883861433265954, 3.6282163115357866, 2.5970090885439037, 3.0827317284106512, 1.1593364239434873, 3.6241017070136605, 2.0445566223223697, 1.6562458170665504, 3.583022358462181, 3.4025529936367245, 1.6434112005907577, 0.0]]
10
