2
1
36
10628
[759, 732, 753, 0, 0, 0, 719, 751, 757, 738, 0, 0, 0, 739, 734, 0, 745, 0, 0, 0, 0, 0, 0, 754, 0, 0, 0, 724, 0, 0, 0, 0, 0, 718, 0, 754]
[151, 150, 152, 146, 143, 147, 144, 149, 148, 147, 149, 149, 152, 146, 150, 151, 148, 143, 144, 148, 147, 151, 147, 145, 146, 148, 145, 143, 148, 152, 149, 145, 151, 152, 152, 149]
[[0, 0, 0, 0, 0, 1, 0, 0, 1, 0, 0, 0, 0, 0, 0, 0, 0, 0, 0, 0, 0, 0, 0, 0, 0, 0, 0, 0, 0, 0, 0, 0, 0, 0, 0, 0], [0, 0, 1, 1, 0, 0, 0, 0, 0, 0, 0, 0, 0, 0, 0, 0, 0, 0, 0, 0, 0, 0, 0, 0, 0, 1, 0, 0, 0, 0, 0, 0, 0, 0, 0, 0], [0, 1, 0, 1, 0, 0, 0, 0, 1, 0, 1, 0, 0, 0, 0, 0, 0, 0, 0, 0, 0, 0, 0, 0, 0, 0, 0, 0, 0, 0, 0, 0, 0, 0, 0, 0], [0, 1, 1, 0, 0, 0, 0, 0, 0, 0, 1, 0, 0, 0, 0, 0, 0, 0, 0, 0, 0, 0, 0, 0, 0, 0, 0, 0, 0, 0, 0, 0, 0, 0, 1, 0], [0, 0, 0, 0, 0, 0, 0, 1, 0, 0, 0, 1, 1, 1, 0, 0, 0, 0, 0, 0, 0, 0, 0, 0, 0, 0, 0, 0, 0, 0, 0, 0, 0, 0, 0, 0], [1, 0, 0, 0, 0, 0, 1, 0, 1, 1, 0, 0, 0, 0, 0, 0, 0, 1, 0, 1, 0, 0, 0, 0, 0, 0, 0, 0, 0, 0, 0, 0, 0, 0, 0, 0], [0, 0, 0, 0, 0, 1, 0, 0, 0, 0, 0, 0, 0, 0, 0, 0, 0, 0, 0, 1, 0, 0, 0, 0, 0, 0, 0, 0, 0, 0, 0, 0, 0, 0, 0, 0], [0, 0, 0, 0, 1, 0, 0, 0, 0, 0, 0, 0, 0, 0, 0, 1, 0, 0, 1, 0, 0, 0, 0, 0, 0, 0, 0, 0, 0, 0, 1, 0, 0, 0, 0, 0], [1, 0, 1, 0, 0, 1, 0, 0, 0, 0, 1, 0, 0, 0, 0, 0, 0, 0, 0, 0, 0, 0, 1, 0, 0, 0, 0, 0, 0, 0, 0, 0, 0, 0, 0, 0], [0, 0, 0, 0, 0, 1, 0, 0, 0, 0, 0, 0, 0, 0, 0, 0, 1, 1, 0, 0, 0, 0, 0, 0, 0, 0, 0, 0, 0, 0, 0, 0, 0, 0, 0, 0], [0, 0, 1, 1, 0, 0, 0, 0, 1, 0, 0, 0, 0, 0, 0, 0, 0, 0, 0, 0, 1, 0, 1, 0, 0, 0, 0, 0, 0, 0, 0, 0, 0, 0, 0, 0], [0, 0, 0, 0, 1, 0, 0, 0, 0, 0, 0, 0, 1, 0, 0, 0, 0, 0, 0, 0, 0, 0, 0, 0, 0, 0, 0, 1, 0, 0, 0, 0, 0, 0, 0, 0], [0, 0, 0, 0, 1, 0, 0, 0, 0, 0, 0, 1, 0, 1, 0, 0, 0, 0, 0, 0, 0, 0, 0, 0, 0, 0, 0, 0, 0, 0, 0, 1, 0, 0, 0, 0], [0, 0, 0, 0, 1, 0, 0, 0, 0, 0, 0, 0, 1, 0, 0, 0, 0, 0, 0, 0, 0, 0, 0, 0, 0, 0, 0, 0, 0, 0, 1, 1, 0, 0, 0, 0], [0, 0, 0, 0, 0, 0, 0, 0, 0, 0, 0, 0, 0, 0, 0, 1, 1, 1, 1, 0, 0, 0, 0, 0, 0, 0, 0, 0, 0, 1, 0, 0, 0, 0, 0, 0], [0, 0, 0, 0, 0, 0, 0, 1, 0, 0, 0, 0, 0, 0, 1, 0, 0, 0, 1, 0, 0, 0, 0, 0, 0, 0, 0, 0, 0, 0, 1, 0, 0, 0, 0, 0], [0, 0, 0, 0, 0, 0, 0, 0, 0, 1, 0, 0, 0, 0, 1, 0, 0, 0, 0, 0, 0, 1, 0, 0, 0, 0, 0, 0, 0, 0, 0, 0, 0, 0, 0, 0], [0, 0, 0, 0, 0, 1, 0, 0, 0, 1, 0, 0, 0, 0, 1, 0, 0, 0, 0, 1, 0, 0, 0, 0, 0, 0, 0, 0, 0, 0, 0, 0, 0, 0, 0, 0], [0, 0, 0, 0, 0, 0, 0, 1, 0, 0, 0, 0, 0, 0, 1, 1, 0, 0, 0, 1, 0, 0, 0, 0, 0, 0, 0, 0, 0, 0, 0, 0, 0, 0, 0, 0], [0, 0, 0, 0, 0, 1, 1, 0, 0, 0, 0, 0, 0, 0, 0, 0, 0, 1, 1, 0, 0, 0, 0, 0, 0, 0, 0, 0, 0, 0, 0, 0, 0, 0, 0, 0], [0, 0, 0, 0, 0, 0, 0, 0, 0, 0, 1, 0, 0, 0, 0, 0, 0, 0, 0, 0, 0, 0, 1, 0, 0, 0, 0, 0, 0, 0, 0, 0, 0, 1, 1, 0], [0, 0, 0, 0, 0, 0, 0, 0, 0, 0, 0, 0, 0, 0, 0, 0, 1, 0, 0, 0, 0, 0, 1, 0, 0, 0, 0, 0, 0, 0, 0, 0, 1, 0, 0, 0], [0, 0, 0, 0, 0, 0, 0, 0, 1, 0, 1, 0, 0, 0, 0, 0, 0, 0, 0, 0, 1, 1, 0, 0, 0, 0, 0, 0, 0, 0, 0, 0, 0, 0, 0, 0], [0, 0, 0, 0, 0, 0, 0, 0, 0, 0, 0, 0, 0, 0, 0, 0, 0, 0, 0, 0, 0, 0, 0, 0, 1, 1, 1, 1, 0, 0, 0, 0, 0, 0, 0, 1], [0, 0, 0, 0, 0, 0, 0, 0, 0, 0, 0, 0, 0, 0, 0, 0, 0, 0, 0, 0, 0, 0, 0, 1, 0, 1, 0, 0, 0, 0, 0, 0, 0, 0, 1, 1], [0, 1, 0, 0, 0, 0, 0, 0, 0, 0, 0, 0, 0, 0, 0, 0, 0, 0, 0, 0, 0, 0, 0, 1, 1, 0, 1, 0, 0, 0, 0, 0, 0, 0, 0, 0], [0, 0, 0, 0, 0, 0, 0, 0, 0, 0, 0, 0, 0, 0, 0, 0, 0, 0, 0, 0, 0, 0, 0, 1, 0, 1, 0, 1, 0, 0, 0, 0, 0, 0, 0, 0], [0, 0, 0, 0, 0, 0, 0, 0, 0, 0, 0, 1, 0, 0, 0, 0, 0, 0, 0, 0, 0, 0, 0, 1, 0, 0, 1, 0, 0, 0, 0, 1, 0, 0, 0, 1], [0, 0, 0, 0, 0, 0, 0, 0, 0, 0, 0, 0, 0, 0, 0, 0, 0, 0, 0, 0, 0, 0, 0, 0, 0, 0, 0, 0, 0, 1, 0, 1, 1, 0, 1, 1], [0, 0, 0, 0, 0, 0, 0, 0, 0, 0, 0, 0, 0, 0, 1, 0, 0, 0, 0, 0, 0, 0, 0, 0, 0, 0, 0, 0, 1, 0, 1, 0, 1, 0, 0, 0], [0, 0, 0, 0, 0, 0, 0, 1, 0, 0, 0, 0, 0, 1, 0, 1, 0, 0, 0, 0, 0, 0, 0, 0, 0, 0, 0, 0, 0, 1, 0, 0, 0, 0, 0, 0], [0, 0, 0, 0, 0, 0, 0, 0, 0, 0, 0, 0, 1, 1, 0, 0, 0, 0, 0, 0, 0, 0, 0, 0, 0, 0, 0, 1, 1, 0, 0, 0, 0, 0, 0, 0], [0, 0, 0, 0, 0, 0, 0, 0, 0, 0, 0, 0, 0, 0, 0, 0, 0, 0, 0, 0, 0, 1, 0, 0, 0, 0, 0, 0, 1, 1, 0, 0, 0, 1, 0, 0], [0, 0, 0, 0, 0, 0, 0, 0, 0, 0, 0, 0, 0, 0, 0, 0, 0, 0, 0, 0, 1, 0, 0, 0, 0, 0, 0, 0, 0, 0, 0, 0, 1, 0, 1, 0], [0, 0, 0, 1, 0, 0, 0, 0, 0, 0, 0, 0, 0, 0, 0, 0, 0, 0, 0, 0, 1, 0, 0, 0, 1, 0, 0, 0, 1, 0, 0, 0, 0, 1, 0, 0], [0, 0, 0, 0, 0, 0, 0, 0, 0, 0, 0, 0, 0, 0, 0, 0, 0, 0, 0, 0, 0, 0, 0, 1, 1, 0, 0, 1, 1, 0, 0, 0, 0, 0, 0, 0]]
[130, 313, 402, 450, 286, 159, 52, 172, 274, 414, 431, 178, 256, 357, 247, 190, 458, 227, 166, 205, 106, 393, 438, 277, 357, 331, 407, 321, 441, 483, 54, 399, 400, 479, 181, 194]
0.03
[[0.0, 6.6337583814365075, 4.532788945129293, 5.709136405753307, 8.985021561839714, 1.3706246720353037, 3.97252582851463, 6.919111231876107, 2.148241769345656, 2.105382902102778, 4.088505339186509, 8.974230195118002, 7.815705142768543, 6.8799296325304535, 3.945430834612732, 5.164102963445307, 3.0714681048938646, 2.8681171138858987, 5.206110986540529, 4.213506962557363, 4.261500252694348, 3.3617587848436035, 2.8496883458360314, 7.877689742156767, 6.648717169775879, 8.062211519094863, 9.552010775102021, 8.592199991738504, 5.799061113421774, 4.664205579509306, 5.876585625516446, 6.781897965285918, 4.523408529167935, 4.538937892551281, 5.716766412699162, 6.990715319649563], [6.6337583814365075, 0.0, 3.172716281220881, 1.0558983147191023, 8.771636879023347, 7.09599540954371, 9.574748366598625, 8.708329719975797, 4.7800590329324075, 5.988472968163483, 2.5577153974956013, 6.682293482795679, 6.526800536153322, 6.717490751636675, 6.850526252155479, 7.1303157531133525, 5.585268898253251, 7.13062562053381, 8.381162091624043, 8.827974416008542, 2.976578898925482, 4.675132648527687, 4.025509753530387, 3.186958288816404, 2.5059405215758193, 2.13637173533096, 4.048115879564362, 4.914340783012538, 4.489592370300476, 5.4039783381140865, 6.61759410408373, 5.254496387484759, 4.26143716486805, 3.4703482957172254, 2.3966411770797547, 3.67436564407173], [4.532788945129293, 3.172716281220881, 0.0, 2.8674797687109175, 10.162202231948926, 5.50349705876597, 8.258586866005148, 9.1992502894389, 2.384582508213316, 4.940175818491389, 2.116512042859444, 8.783882677673303, 8.177677073072088, 7.876109370682253, 6.5555712403085815, 7.341788535606145, 5.107122491812913, 6.237873757140243, 8.190683882586997, 7.986710915274858, 3.3399092647781035, 4.435165072333998, 3.1365529274024313, 5.93659862015855, 4.845860926224397, 5.25053081344342, 7.135743709579611, 7.427027449783196, 5.777729251062746, 5.840197169478042, 7.331677262402549, 6.831230091126149, 4.835207433817733, 4.135686572439254, 4.131147510430995, 5.843974051454444], [5.709136405753307, 1.0558983147191023, 2.8674797687109175, 0.0, 8.03440092660395, 6.0867764049598305, 8.52846511961791, 7.763169627313549, 3.9964875313465815, 4.945966350066031, 1.6291550537953299, 6.190470868065332, 5.846890967640679, 5.889158390438898, 5.80498275954241, 6.130212990564353, 4.529512494185493, 6.076302768395062, 7.350783741393753, 7.772140984871517, 1.921588615553562, 3.6199149653879252, 3.0108563065616787, 3.071775826335552, 2.0494721739902904, 2.5242309714199966, 4.331322989666763, 4.630853442684344, 3.6443778738538217, 4.408724026849184, 5.687998870273389, 4.523109377556824, 3.258661638017973, 2.453425633824066, 1.5867946557892671, 3.157248266867247], [8.985021561839714, 8.771636879023347, 10.162202231948926, 8.03440092660395, 0.0, 7.947531473549756, 7.858656958434522, 2.781941028778236, 9.2978978961402, 6.883724229088462, 8.047696439920864, 2.8876990872029134, 2.281302044003082, 2.3013675327455805, 5.138358535638566, 3.9056665416091447, 5.9765296099476, 6.404583910415982, 4.654588893741788, 6.392845725973571, 6.823611189091817, 6.104102227724174, 7.396848917522262, 6.258052991034651, 6.315430414525552, 7.768702163222566, 7.271193072571739, 4.8048804666186395, 4.436802205550269, 4.54753109214562, 3.129078975839471, 3.5207571750165148, 5.355103500955721, 6.027261192509104, 6.4496379136888775, 5.1926590973181925], [1.3706246720353037, 7.09599540954371, 5.50349705876597, 6.0867764049598305, 7.947531473549756, 0.0, 2.7633606393008017, 5.6977743167266865, 3.199899818095913, 1.3980198128484438, 4.562775902620693, 8.293924283753036, 7.04011762674655, 5.982718346812775, 2.813068537183708, 4.051996181328973, 2.3671759190296404, 1.5996696078301869, 3.89787855694262, 2.8449624937643145, 4.355577262157594, 2.994901638022518, 3.0759381857858568, 7.777247871860904, 6.61034229714066, 8.219097139821448, 9.505130827092215, 8.212853776299838, 5.3086997362981085, 3.93566000831974, 4.919142763020269, 6.168851178927666, 4.128554172254968, 4.38907821987339, 5.726105853174016, 6.720780538891573], [3.97252582851463, 9.574748366598625, 8.258586866005148, 8.52846511961791, 7.858656958434522, 2.7633606393008017, 0.0, 5.135441189852734, 5.96124601895493, 3.5886817198263947, 7.132670644812527, 9.119706002320093, 7.749437131606241, 6.505959227136364, 3.4218062253539205, 4.285521779593022, 4.122521806730852, 2.5255082318662905, 3.2043216438335196, 1.4698936788583492, 6.653613667214137, 5.013547167558597, 5.594193912464481, 9.632310744388624, 8.607341662066823, 10.37340398302914, 11.363227134138127, 9.621782245709014, 6.771255979914445, 5.193774324011916, 5.443004706606082, 7.312109493995314, 5.900729170107557, 6.435678276428475, 7.834207866854907, 8.398435798442543], [6.919111231876107, 8.708329719975797, 9.1992502894389, 7.763169627313549, 2.781941028778236, 5.6977743167266865, 5.135441189852734, 0.0, 7.764597850731776, 4.939638654712064, 7.212180533185568, 4.814710336797772, 3.547824951409561, 2.438165826015571, 2.9949789378719, 1.8912569398504473, 4.264819354079636, 4.098129067385433, 1.9725795417093748, 3.6907104325612035, 6.07986218337963, 4.772807728388656, 6.110404530357025, 7.056036438830765, 6.601090646976021, 8.373286810020645, 8.502560065507677, 6.157552290086893, 4.301269755204158, 3.4188997963041428, 2.096558323174459, 3.9888562990591505, 4.548550379819325, 5.358855861899109, 6.33014491031212, 5.744674409191784], [2.148241769345656, 4.7800590329324075, 2.384582508213316, 3.9964875313465815, 9.2978978961402, 3.199899818095913, 5.96124601895493, 7.764597850731776, 0.0, 2.9687379416254225, 2.414197476606165, 8.600327141403987, 7.6709207773229195, 7.021393251920404, 4.848000801463457, 5.8773942881038055, 3.500874881456125, 4.2063427361847365, 6.404322723747948, 5.874016391548682, 3.125894133774183, 3.1938137685869425, 1.9613637306552139, 6.658269450458651, 5.417404401837703, 6.498057169327437, 8.19329083242145, 7.7453286898369225, 5.337112093654612, 4.7506412724592195, 6.214927401904288, 6.426866957992315, 4.0981276066445895, 3.726588143220406, 4.4979641147982825, 6.072568368498688], [2.105382902102778, 5.988472968163483, 4.940175818491389, 4.945966350066031, 6.883724229088462, 1.3980198128484438, 3.5886817198263947, 4.939638654712064, 2.9687379416254225, 0.0, 3.5583263443799433, 6.966676339900395, 5.75656741284316, 4.780719969436217, 1.9487433444128028, 3.1115643831065123, 1.005995934457873, 1.2977950147907602, 3.440966667482009, 3.0550155525849974, 3.1040849235957295, 1.610410238458226, 2.019538366457027, 6.404170859466602, 5.259916837348853, 6.925398210266062, 8.138089802402469, 6.81646246600153, 3.918460306621309, 2.6103918291463106, 3.7712460695654353, 4.8101815898903375, 2.730991882051585, 3.032502394551755, 4.401515011922017, 5.325728588108528], [4.088505339186509, 2.5577153974956013, 2.116512042859444, 1.6291550537953299, 8.047696439920864, 4.562775902620693, 7.132670644812527, 7.212180533185568, 2.414197476606165, 3.5583263443799433, 0.0, 6.740806055567202, 6.071407297054518, 5.766348731806926, 4.79411430630197, 5.405359800155221, 3.38185341910509, 4.79098869080135, 6.420706024216104, 6.54437484722407, 1.2241114008593585, 2.558247418393355, 1.539785256543441, 4.300462154556141, 3.083642698192106, 4.090479855208026, 5.7857666398787, 5.561807244619162, 3.665380627160168, 3.8047016676753933, 5.270366763885112, 4.729476338380984, 2.7442827208091187, 2.020435533955661, 2.218988159416654, 3.9103830823926495], [8.974230195118002, 6.682293482795679, 8.783882677673303, 6.190470868065332, 2.8876990872029134, 8.293924283753036, 9.119706002320093, 4.814710336797772, 8.600327141403987, 6.966676339900395, 6.740806055567202, 0.0, 1.3760858871249928, 2.6386438962440817, 5.802933876395555, 4.839273223504382, 5.960699440397944, 7.025616155521964, 6.129803105107411, 7.700228056466151, 5.604338188536783, 5.646363537494657, 6.650043305759022, 3.724370585319235, 4.1933437158050575, 5.250181635037415, 4.44805608497526, 2.042715406973229, 3.269486518738718, 4.361693834967116, 3.6767538320781603, 2.2053461692453755, 4.546629110873373, 4.893970379209221, 4.6809548616015455, 3.038204663682147], [7.815705142768543, 6.526800536153322, 8.177677073072088, 5.846890967640679, 2.281302044003082, 7.04011762674655, 7.749437131606241, 3.547824951409561, 7.6709207773229195, 5.75656741284316, 6.071407297054518, 1.3760858871249928, 0.0, 1.2639581072818065, 4.462830874520841, 3.4659209283523356, 4.756394717192779, 5.707352422051168, 4.758001841761958, 6.325430488389173, 4.866162334195039, 4.571421434564251, 5.710869001546634, 3.998801836576636, 4.047740894617721, 5.496432939889689, 5.156971128077837, 2.7064627608864744, 2.411843682604089, 3.1527681661579527, 2.3078031411114592, 1.3502032796004768, 3.574244834106796, 4.091239500052804, 4.262725968901926, 2.9132916357644274], [6.8799296325304535, 6.717490751636675, 7.876109370682253, 5.889158390438898, 2.3013675327455805, 5.982718346812775, 6.505959227136364, 2.438165826015571, 7.021393251920404, 4.780719969436217, 5.766348731806926, 2.6386438962440817, 1.2639581072818065, 0.0, 3.291053790155697, 2.2212616365718705, 3.8144683874130534, 4.563019664745562, 3.494556776494078, 5.071527158418897, 4.544216942399843, 3.83203872926981, 5.103540671452573, 4.677553897249143, 4.3912369715639015, 6.069025256826413, 6.069556751196818, 3.724954557547008, 2.244807625386585, 2.2885121756753666, 1.0949533071218036, 1.6065356124129935, 3.0556542110644034, 3.748923055339061, 4.332311981916478, 3.4079219909439633], [3.945430834612732, 6.850526252155479, 6.5555712403085815, 5.80498275954241, 5.138358535638566, 2.813068537183708, 3.4218062253539205, 2.9949789378719, 4.848000801463457, 1.9487433444128028, 4.79411430630197, 5.802933876395555, 4.462830874520841, 3.291053790155697, 0.0, 1.2391683656273302, 1.448864098707503, 1.2829798205815588, 1.6383847029113492, 2.181563034261907, 3.897923489514019, 2.2440262188867384, 3.423705268794512, 6.314485415382144, 5.397878812208254, 7.227137403111504, 8.022321977245399, 6.2005501656385364, 3.379479997277096, 1.8037162220823886, 2.1969757555150773, 3.8960250898342803, 2.7098525425606126, 3.4145044659350905, 4.751117233491835, 5.034241880559174], [5.164102963445307, 7.1303157531133525, 7.341788535606145, 6.130212990564353, 3.9056665416091447, 4.051996181328973, 4.285521779593022, 1.8912569398504473, 5.8773942881038055, 3.1115643831065123, 5.405359800155221, 4.839273223504382, 3.4659209283523356, 2.2212616365718705, 1.2391683656273302, 0.0, 2.3765196304702947, 2.499220528711352, 1.4535058962181528, 2.862252805568319, 4.33303893296193, 2.9066425050777798, 4.231789588451103, 6.01343298501698, 5.296656381825743, 7.135896019326232, 7.639606456036054, 5.566321350880503, 3.0389593715880077, 1.7265511355416765, 1.168208544587548, 3.208166224792712, 2.872120190466015, 3.6783489370700932, 4.834509195012904, 4.679861283897236], [3.0714681048938646, 5.585268898253251, 5.107122491812913, 4.529512494185493, 5.9765296099476, 2.3671759190296404, 4.122521806730852, 4.264819354079636, 3.500874881456125, 1.005995934457873, 3.38185341910509, 5.960699440397944, 4.756394717192779, 3.8144683874130534, 1.448864098707503, 2.3765196304702947, 0.0, 1.5991678705553654, 3.086305671553517, 3.242850204751313, 2.609786776380745, 0.9141903332727637, 1.9751255280122695, 5.580018395794478, 4.500072218481315, 6.2510041455204055, 7.319613178749765, 5.86377290318171, 2.9486473147906436, 1.6060695714535829, 2.8476813011185844, 3.808824201868236, 1.8389282141769658, 2.3132673186225476, 3.7117169006632773, 4.43050386006499], [2.8681171138858987, 7.13062562053381, 6.237873757140243, 6.076302768395062, 6.404583910415982, 1.5996696078301869, 2.5255082318662905, 4.098129067385433, 4.2063427361847365, 1.2977950147907602, 4.79098869080135, 7.025616155521964, 5.707352422051168, 4.563019664745562, 1.2829798205815588, 2.499220528711352, 1.5991678705553654, 0.0, 2.3398191554026315, 1.7646128672867425, 4.1719160992307485, 2.5007207339911766, 3.2689934945371166, 7.129159365174068, 6.084205532717957, 7.848546493574062, 8.86551965975274, 7.246463076789769, 4.341855154372337, 2.798612173947001, 3.472217954727997, 5.022367813877751, 3.3858140127792713, 3.91205417299556, 5.310200187134061, 5.925836522678624], [5.206110986540529, 8.381162091624043, 8.190683882586997, 7.350783741393753, 4.654588893741788, 3.89787855694262, 3.2043216438335196, 1.9725795417093748, 6.404322723747948, 3.440966667482009, 6.420706024216104, 6.129803105107411, 4.758001841761958, 3.494556776494078, 1.6383847029113492, 1.4535058962181528, 3.086305671553517, 2.3398191554026315, 0.0, 1.7389165380146203, 5.472870282421077, 3.8632448140468316, 5.061431175443306, 7.4578924882911295, 6.6971778516857645, 8.541026216583251, 9.092440617195074, 7.002554258013497, 4.475753233359476, 3.052503216328049, 2.5543472221565415, 4.648199595085079, 4.141542179718671, 4.912240690512933, 6.167185721383447, 6.127172248886285], [4.213506962557363, 8.827974416008542, 7.986710915274858, 7.772140984871517, 6.392845725973571, 2.8449624937643145, 1.4698936788583492, 3.6907104325612035, 5.874016391548682, 3.0550155525849974, 6.54437484722407, 7.700228056466151, 6.325430488389173, 5.071527158418897, 2.181563034261907, 2.862252805568319, 3.242850204751313, 1.7646128672867425, 1.7389165380146203, 0.0, 5.85257462576672, 4.155072825234262, 5.030552641744852, 8.49582126546275, 7.559156030842972, 9.375549085080753, 10.203125146931333, 8.324761398549981, 5.5541829174254955, 3.9836339734026835, 4.029504723127523, 5.9827023561748565, 4.849129538086915, 5.490861122376603, 6.86731893474631, 7.213764957249681], [4.261500252694348, 2.976578898925482, 3.3399092647781035, 1.921588615553562, 6.823611189091817, 4.355577262157594, 6.653613667214137, 6.07986218337963, 3.125894133774183, 3.1040849235957295, 1.2241114008593585, 5.604338188536783, 4.866162334195039, 4.544216942399843, 3.897923489514019, 4.33303893296193, 2.609786776380745, 4.1719160992307485, 5.472870282421077, 5.85257462576672, 0.0, 1.6985659364289667, 1.4140124530680278, 3.6381811124558574, 2.3966080777480943, 3.8674528188932547, 5.291321140827992, 4.619478545001521, 2.4548254442002944, 2.6614278775885656, 4.087237043185279, 3.53344671703409, 1.5495835848502848, 0.7963893322001071, 1.4592215203331464, 2.9466855931277323], [3.3617587848436035, 4.675132648527687, 4.435165072333998, 3.6199149653879252, 6.104102227724174, 2.994901638022518, 5.013547167558597, 4.772807728388656, 3.1938137685869425, 1.610410238458226, 2.558247418393355, 5.646363537494657, 4.571421434564251, 3.83203872926981, 2.2440262188867384, 2.9066425050777798, 0.9141903332727637, 2.5007207339911766, 3.8632448140468316, 4.155072825234262, 1.6985659364289667, 0.0, 1.3478602121685581, 4.794128581341922, 3.661999517685215, 5.372436448357189, 6.529127045568012, 5.267740383754873, 2.437379668760787, 1.5573389169306284, 3.0386316003616005, 3.4423880167068694, 1.1688969228466135, 1.440695456822318, 2.8331021546676722, 3.731065622352917], [2.8496883458360314, 4.025509753530387, 3.1365529274024313, 3.0108563065616787, 7.396848917522262, 3.0759381857858568, 5.594193912464481, 6.110404530357025, 1.9613637306552139, 2.019538366457027, 1.539785256543441, 6.650043305759022, 5.710869001546634, 5.103540671452573, 3.423705268794512, 4.231789588451103, 1.9751255280122695, 3.2689934945371166, 5.061431175443306, 5.030552641744852, 1.4140124530680278, 1.3478602121685581, 0.0, 5.0466760939759565, 3.808738849727931, 5.234276339945073, 6.705123423781023, 5.916812425140078, 3.382009119376525, 2.8749535422703336, 4.372880310056346, 4.468135733606711, 2.1371011368991133, 1.8253034604822058, 2.8726679963214603, 4.262166046759321], [7.877689742156767, 3.186958288816404, 5.93659862015855, 3.071775826335552, 6.258052991034651, 7.777247871860904, 9.632310744388624, 7.056036438830765, 6.658269450458651, 6.404170859466602, 4.300462154556141, 3.724370585319235, 3.998801836576636, 4.677553897249143, 6.314485415382144, 6.01343298501698, 5.580018395794478, 7.129159365174068, 7.4578924882911295, 8.49582126546275, 3.6381811124558574, 4.794128581341922, 5.0466760939759565, 0.0, 1.2469193399612009, 1.531598118513812, 1.7396132945628142, 1.7727746951984589, 2.985544746774534, 4.5177623033517245, 5.077937203865853, 3.076485123620679, 3.7470414735610875, 3.392879449259995, 2.184007108882728, 1.3372357585480983], [6.648717169775879, 2.5059405215758193, 4.845860926224397, 2.0494721739902904, 6.315430414525552, 6.61034229714066, 8.607341662066823, 6.601090646976021, 5.417404401837703, 5.259916837348853, 3.083642698192106, 4.1933437158050575, 4.047740894617721, 4.3912369715639015, 5.397878812208254, 5.296656381825743, 4.500072218481315, 6.084205532717957, 6.6971778516857645, 7.559156030842972, 2.3966080777480943, 3.661999517685215, 3.808738849727931, 1.2469193399612009, 0.0, 1.8441125647796837, 2.910288833368849, 2.5882806388008257, 2.3091843755528587, 3.6585216674631376, 4.5244824512450785, 2.835592436699806, 2.7167488079161433, 2.2274156748317524, 0.9385847309010452, 1.1685583040370984], [8.062211519094863, 2.13637173533096, 5.25053081344342, 2.5242309714199966, 7.768702163222566, 8.219097139821448, 10.37340398302914, 8.373286810020645, 6.498057169327437, 6.925398210266062, 4.090479855208026, 5.250181635037415, 5.496432939889689, 6.069025256826413, 7.227137403111504, 7.135896019326232, 6.2510041455204055, 7.848546493574062, 8.541026216583251, 9.375549085080753, 3.8674528188932547, 5.372436448357189, 5.234276339945073, 1.531598118513812, 1.8441125647796837, 0.0, 1.9118379915823822, 3.2573790266584495, 4.122848785482618, 5.5016746768520015, 6.323134179665489, 4.4655918152332985, 4.526618339149803, 3.9386368039301463, 2.5403887008448827, 2.6619771500408063], [9.552010775102021, 4.048115879564362, 7.135743709579611, 4.331322989666763, 7.271193072571739, 9.505130827092215, 11.363227134138127, 8.502560065507677, 8.19329083242145, 8.138089802402469, 5.7857666398787, 4.44805608497526, 5.156971128077837, 6.069556751196818, 8.022321977245399, 7.639606456036054, 7.319613178749765, 8.86551965975274, 9.092440617195074, 10.203125146931333, 5.291321140827992, 6.529127045568012, 6.705123423781023, 1.7396132945628142, 2.910288833368849, 1.9118379915823822, 0.0, 2.4705907311916167, 4.657936217660406, 6.219515430205196, 6.631878888568195, 4.5375345296305865, 5.485814376071326, 5.1162599716851505, 3.8356171755259476, 2.9913518019084946], [8.592199991738504, 4.914340783012538, 7.427027449783196, 4.630853442684344, 4.8048804666186395, 8.212853776299838, 9.621782245709014, 6.157552290086893, 7.7453286898369225, 6.81646246600153, 5.561807244619162, 2.042715406973229, 2.7064627608864744, 3.724954557547008, 6.2005501656385364, 5.566321350880503, 5.86377290318171, 7.246463076789769, 7.002554258013497, 8.324761398549981, 4.619478545001521, 5.267740383754873, 5.916812425140078, 1.7727746951984589, 2.5882806388008257, 3.2573790266584495, 2.4705907311916167, 0.0, 2.920442942087273, 4.451950980959399, 4.456901851445278, 2.3584651185552, 4.101676265306904, 4.097811997807817, 3.345906556503829, 1.6732621469832658], [5.799061113421774, 4.489592370300476, 5.777729251062746, 3.6443778738538217, 4.436802205550269, 5.3086997362981085, 6.771255979914445, 4.301269755204158, 5.337112093654612, 3.918460306621309, 3.665380627160168, 3.269486518738718, 2.411843682604089, 2.244807625386585, 3.379479997277096, 3.0389593715880077, 2.9486473147906436, 4.341855154372337, 4.475753233359476, 5.5541829174254955, 2.4548254442002944, 2.437379668760787, 3.382009119376525, 2.985544746774534, 2.3091843755528587, 4.122848785482618, 4.657936217660406, 2.920442942087273, 0.0, 1.5795052265462501, 2.2162285149840697, 1.0962769697665862, 1.2902013510734134, 1.681473799003813, 2.095027504903486, 1.6675439900182554], [4.664205579509306, 5.4039783381140865, 5.840197169478042, 4.408724026849184, 4.54753109214562, 3.93566000831974, 5.193774324011916, 3.4188997963041428, 4.7506412724592195, 2.6103918291463106, 3.8047016676753933, 4.361693834967116, 3.1527681661579527, 2.2885121756753666, 1.8037162220823886, 1.7265511355416765, 1.6060695714535829, 2.798612173947001, 3.052503216328049, 3.9836339734026835, 2.6614278775885656, 1.5573389169306284, 2.8749535422703336, 4.5177623033517245, 3.6585216674631376, 5.5016746768520015, 6.219515430205196, 4.451950980959399, 1.5795052265462501, 0.0, 1.5036328645314312, 2.2479398686769736, 1.1510574963112075, 1.9630651668836896, 3.1223047659245977, 3.2305754903728543], [5.876585625516446, 6.61759410408373, 7.331677262402549, 5.687998870273389, 3.129078975839471, 4.919142763020269, 5.443004706606082, 2.096558323174459, 6.214927401904288, 3.7712460695654353, 5.270366763885112, 3.6767538320781603, 2.3078031411114592, 1.0949533071218036, 2.1969757555150773, 1.168208544587548, 2.8476813011185844, 3.472217954727997, 2.5543472221565415, 4.029504723127523, 4.087237043185279, 3.0386316003616005, 4.372880310056346, 5.077937203865853, 4.5244824512450785, 6.323134179665489, 6.631878888568195, 4.456901851445278, 2.2162285149840697, 1.5036328645314312, 0.0, 2.1167795687307365, 2.5376580605313137, 3.3288867753419775, 4.234564512433835, 3.7441204950898443], [6.781897965285918, 5.254496387484759, 6.831230091126149, 4.523109377556824, 3.5207571750165148, 6.168851178927666, 7.312109493995314, 3.9888562990591505, 6.426866957992315, 4.8101815898903375, 4.729476338380984, 2.2053461692453755, 1.3502032796004768, 1.6065356124129935, 3.8960250898342803, 3.208166224792712, 3.808824201868236, 5.022367813877751, 4.648199595085079, 5.9827023561748565, 3.53344671703409, 3.4423880167068694, 4.468135733606711, 3.076485123620679, 2.835592436699806, 4.4655918152332985, 4.5375345296305865, 2.3584651185552, 1.0962769697665862, 2.2479398686769736, 2.1167795687307365, 0.0, 2.3467734516211607, 2.772783503588214, 2.9363225946443596, 1.8036146684615428], [4.523408529167935, 4.26143716486805, 4.835207433817733, 3.258661638017973, 5.355103500955721, 4.128554172254968, 5.900729170107557, 4.548550379819325, 4.0981276066445895, 2.730991882051585, 2.7442827208091187, 4.546629110873373, 3.574244834106796, 3.0556542110644034, 2.7098525425606126, 2.872120190466015, 1.8389282141769658, 3.3858140127792713, 4.141542179718671, 4.849129538086915, 1.5495835848502848, 1.1688969228466135, 2.1371011368991133, 3.7470414735610875, 2.7167488079161433, 4.526618339149803, 5.485814376071326, 4.101676265306904, 1.2902013510734134, 1.1510574963112075, 2.5376580605313137, 2.3467734516211607, 0.0, 0.8133068046495521, 2.044361199370073, 2.599620069307058], [4.538937892551281, 3.4703482957172254, 4.135686572439254, 2.453425633824066, 6.027261192509104, 4.38907821987339, 6.435678276428475, 5.358855861899109, 3.726588143220406, 3.032502394551755, 2.020435533955661, 4.893970379209221, 4.091239500052804, 3.748923055339061, 3.4145044659350905, 3.6783489370700932, 2.3132673186225476, 3.91205417299556, 4.912240690512933, 5.490861122376603, 0.7963893322001071, 1.440695456822318, 1.8253034604822058, 3.392879449259995, 2.2274156748317524, 3.9386368039301463, 5.1162599716851505, 4.097811997807817, 1.681473799003813, 1.9630651668836896, 3.3288867753419775, 2.772783503588214, 0.8133068046495521, 0.0, 1.3985837919507302, 2.4592305214018646], [5.716766412699162, 2.3966411770797547, 4.131147510430995, 1.5867946557892671, 6.4496379136888775, 5.726105853174016, 7.834207866854907, 6.33014491031212, 4.4979641147982825, 4.401515011922017, 2.218988159416654, 4.6809548616015455, 4.262725968901926, 4.332311981916478, 4.751117233491835, 4.834509195012904, 3.7117169006632773, 5.310200187134061, 6.167185721383447, 6.86731893474631, 1.4592215203331464, 2.8331021546676722, 2.8726679963214603, 2.184007108882728, 0.9385847309010452, 2.5403887008448827, 3.8356171755259476, 3.345906556503829, 2.095027504903486, 3.1223047659245977, 4.234564512433835, 2.9363225946443596, 2.044361199370073, 1.3985837919507302, 0.0, 1.716178737427364], [6.990715319649563, 3.67436564407173, 5.843974051454444, 3.157248266867247, 5.1926590973181925, 6.720780538891573, 8.398435798442543, 5.744674409191784, 6.072568368498688, 5.325728588108528, 3.9103830823926495, 3.038204663682147, 2.9132916357644274, 3.4079219909439633, 5.034241880559174, 4.679861283897236, 4.43050386006499, 5.925836522678624, 6.127172248886285, 7.213764957249681, 2.9466855931277323, 3.731065622352917, 4.262166046759321, 1.3372357585480983, 1.1685583040370984, 2.6619771500408063, 2.9913518019084946, 1.6732621469832658, 1.6675439900182554, 3.2305754903728543, 3.7441204950898443, 1.8036146684615428, 2.599620069307058, 2.4592305214018646, 1.716178737427364, 0.0]]
10
